1983-01-01 00:00:00 2.91126292644452 3.76473895813178 999.076457024616 -0.307455924420138 79.0306101919506 0 46.1590123426111 2.935675074891e-09
1983-01-02 00:00:00 3.42990490032602 2.38918056677996 998.922164854697 2.35187624800051 95.5924601501865 0 20.5411634325097 7.71844578515389e-08
1983-01-03 00:00:00 4.44580137676832 4.93797619299473 994.168528107137 6.64239994257815 94.0985394725726 0 5.4771533970481 1.42741817037911e-07
1983-01-04 00:00:00 8.75956658316712 3.92188262032745 987.3590354751 8.82840283053714 91.4810476717258 0 12.8692092711161 1.5831046833306e-07
1983-01-05 00:00:00 5.16239042404169 2.98998603347436 989.067548198769 9.66474568984499 92.8838396343765 0 8.66006790395568 1.06138697276204e-07
1983-01-06 00:00:00 6.17816071655064 5.29093403820338 991.469318369491 10.4330707327759 79.6474233307199 0 36.3402512655139 5.75484870779577e-09
1983-01-07 00:00:00 6.39193644997679 2.52585031347216 996.857672533988 6.08822361661135 83.2633588782901 0 46.9443076037658 5.88761903760289e-08
1983-01-08 00:00:00 5.29856251513022 1.59142514003545 1001.79646827012 4.83877099878909 89.5746298119565 0 24.3874046222814 7.48528620903848e-08
1983-01-09 00:00:00 6.43862788784956 3.55290888112131 1004.26216078485 4.54489887657473 91.1854392865195 0 13.8081294809436 6.81078729532453e-08
1983-01-10 00:00:00 5.44299686482685 1.70632425507636 1005.87189437329 6.95676151058962 93.9601346055771 0 32.4126753736291 2.46730341622627e-08
1983-01-11 00:00:00 3.20025394134685 2.30955208825015 1006.23263877368 8.29915192341189 91.3605649670868 0 27.1579050608797 5.89465495852233e-09
1983-01-12 00:00:00 3.55694865201867 4.15701345898006 1002.50080620962 4.96163711057986 84.3166818090698 0 34.362856508818 0
1983-01-13 00:00:00 4.68753942774187 4.55384513525345 991.166909286372 4.27105591734744 79.994030966998 0 37.2059424761633 9.82621862768724e-08
1983-01-14 00:00:00 7.32534623945818 3.11589652685511 982.181192894388 2.05280913236575 91.7344963847757 0 18.1755042990308 1.84279284729648e-07
1983-01-15 00:00:00 8.22002710457554 -2.57444312621345 975.185274885156 4.9462407144971 94.8892201807272 0 16.6883837044922 2.03463371912013e-07
1983-01-16 00:00:00 8.17997317316189 -4.01438757394472 985.852416298016 6.91569665035159 92.2626266780667 0 20.3076204640525 9.8570760304595e-08
1983-01-17 00:00:00 8.43516463683876 0.791069080618873 991.485878062231 6.75632666566287 90.2108918772882 0 21.5964197966057 2.60806276064131e-08
1983-01-18 00:00:00 9.95647114924691 0.542195936984396 984.680665619294 5.03824628931155 81.0203118312656 0 46.0846224961415 5.05030346911736e-08
1983-01-19 00:00:00 7.26166499345566 -4.02294678460674 990.799907362137 1.27500560871462 83.5694618138187 0 46.5569861334677 3.93663328651049e-08
1983-01-20 00:00:00 4.51988750919077 -2.26726353820211 1005.7264194492 1.42853136298587 83.8312082382834 0 52.0490998504442 6.57870874129042e-09
1983-01-21 00:00:00 7.00853221792658 0.317006524831828 1006.53756666583 3.30357123032229 91.8414279618485 0 18.7552041781073 2.8064737543098e-08
1983-01-22 00:00:00 4.16644188267328 0.190190610563719 1009.88678371674 3.13392301173343 91.8847920789148 0 35.3122225224549 3.11135461511935e-10
1983-01-23 00:00:00 -0.0908973332050555 1.68335866343472 1008.65960022106 -1.28632549293088 96.1458850088763 0 50.0566031154677 0
1983-01-24 00:00:00 -0.0639189937919208 3.55581048105297 1006.13970011868 0.753764530568877 86.1163860921747 0 62.0437536408964 0
1983-01-25 00:00:00 3.58208698190152 3.5338233382108 1003.55312766706 6.56835081523441 73.9188467935239 0 15.2779213415189 1.61419376481854e-07
1983-01-26 00:00:00 4.32626410700653 1.98214535815578 1004.35104396385 8.5987012659363 95.8459400669259 0 22.629253528765 2.98024747933644e-08
1983-01-27 00:00:00 7.91848995702917 3.12738945528865 995.577761771691 10.9906507190088 82.3231662513785 0 33.9515847936328 5.58390053878546e-08
1983-01-28 00:00:00 7.65338226387896 2.09109354752196 991.313060573784 8.5366708349988 93.3016363999878 0 12.4576283937579 1.01088724776562e-07
1983-01-29 00:00:00 8.07818163081499 1.82738827831384 985.91495847205 7.87059477185427 85.3641835177789 0 28.3415531096143 7.64008917741121e-08
1983-01-30 00:00:00 7.32671349743553 2.87903613003043 975.62172255269 4.99374824609743 89.5131907606503 0.301963621416507 29.6406126117038 1.57789586132497e-07
1983-01-31 00:00:00 6.13789372222009 2.06579069895749 979.016101224416 2.6763549815491 84.8299720474973 0 48.1768995134524 2.63124434790518e-07
1983-02-01 00:00:00 10.8338724252494 4.99764721638916 968.111236745444 6.78660518862917 84.0785629338379 0.372017868079842 28.6293174155066 1.8172707701899e-07
1983-02-02 00:00:00 8.15544823263468 -1.46944656435172 988.47209668316 2.16153252297122 74.1547907408533 0.489678389160887 60.4175312790771 2.03950422109629e-08
1983-02-03 00:00:00 5.82777697728695 -0.204579461986731 994.391001102059 1.07228641836916 89.8589883142978 0.569040310165351 37.0773681634532 7.01796631522658e-08
1983-02-04 00:00:00 3.00181779757313 0.308378149264903 1001.96189102122 -0.264219314162575 86.6738888097589 0.521878397435695 69.4728691055249 0
1983-02-05 00:00:00 4.13542406249898 5.39624288104466 977.594884588456 1.4267091291907 85.9251832720621 0.601028009525031 15.7091073810908 1.37353912078266e-07
1983-02-06 00:00:00 1.6488583428127 1.85522402160236 961.809230633194 1.4751870477698 94.0395472487381 0.526829092637642 34.1359219633815 4.07930460912446e-08
1983-02-07 00:00:00 -1.70364901328347 -3.26008397120075 967.724275783691 0.3316573095801 96.1869169357175 0.554601617169116 24.2246282608312 3.83767859534425e-08
1983-02-08 00:00:00 -1.66962611078616 -4.14452303871846 978.891040845313 -0.977426763426492 90.0940718702005 0.565540935361099 40.6160724924032 7.82924894784212e-09
1983-02-09 00:00:00 -2.52365365958899 -2.11972752127403 984.814864920462 -1.55294023195921 85.2516429210989 0.585500530555622 63.3394780182343 7.02960250449013e-09
1983-02-10 00:00:00 -2.09047564961526 -2.33433100035614 982.704708062875 -2.49195208144041 89.2236818689416 0.608006878819177 49.6167299062201 2.22878610931066e-09
1983-02-11 00:00:00 -2.99770392781764 -3.31788223003592 981.360726163991 -2.55811896106443 83.590839806546 0.592427682234633 62.2040108053116 3.35970858391167e-09
1983-02-12 00:00:00 -2.34893164136662 -3.78034454925533 985.744855971291 -2.54067382917844 83.5351242421795 0.641225853215451 63.892642304872 2.47000211178064e-09
1983-02-13 00:00:00 -4.02111367753221 -0.990899465073246 990.062615336113 -3.81718880154051 84.4090635664191 0.673686018665965 82.2748563991873 0
1983-02-14 00:00:00 -4.66522321991894 -1.31112892503737 990.572365973406 -3.9263104368115 80.3582662640881 0.651277174965995 99.8850206288299 0
1983-02-15 00:00:00 -5.28661220778391 -0.702144871133072 999.089302944063 -3.25302922433225 77.3991229499213 0.663106733990932 101.574503564395 0
1983-02-16 00:00:00 -4.78121845524917 -0.477406614072777 1004.10754969976 -4.48539089142332 70.582459580906 0.684027548215421 104.697462431604 0
1983-02-17 00:00:00 -4.83373451951315 -0.0895690706489681 1009.02127113777 -3.08167989026487 78.387460450506 0.68160435550272 98.9477516945639 0
1983-02-18 00:00:00 -2.14116107549009 -0.631396413178287 1008.6385552741 -2.60639519864744 82.2022469906238 0.678664798176332 107.537674729504 0
1983-02-19 00:00:00 0.133995080000467 -0.680396572197141 1003.03188660666 -3.01374025645506 87.0116922821225 0.641680197637359 97.4606885027645 0
1983-02-20 00:00:00 1.68039928188603 -1.91574918178946 999.176448280747 -0.280625412481663 89.9999204057132 0.662641327587212 63.5883382817309 2.71459857198827e-09
1983-02-21 00:00:00 -1.93332578029397 -2.17770660991124 1002.00195354178 -1.34402012711424 78.4665701842175 0.669426381427668 104.423078210691 0
1983-02-22 00:00:00 -4.14572092936208 1.46016262989933 1006.24392980838 -3.78633502462278 66.7773164246509 0.711502261799185 118.177222104928 0
1983-02-23 00:00:00 -4.27984533947386 3.98548781544385 1005.20871953598 -1.38304763510251 54.9874383302638 0.700621828417366 120.536969019745 0
1983-02-24 00:00:00 -1.96543143265477 3.53517419035404 1003.76514128282 1.10930758051272 63.6890216125802 0.649174940951077 111.700145168962 0
1983-02-25 00:00:00 -2.67878189945314 4.39180339694855 995.829947751131 5.16027691665774 73.8133586904297 0.662151415264024 61.1278096830835 6.89133103701597e-08
1983-02-26 00:00:00 2.39273087616432 3.81391104343204 984.152010662553 7.71057333486452 95.3608651487857 0.738243504572002 12.839493535087 8.27186348173037e-08
1983-02-27 00:00:00 3.82861765361894 2.63705637005812 985.530822474644 6.50312535362063 93.3665161475412 0.688095443147232 50.1122647281418 5.24877236946229e-08
1983-02-28 00:00:00 5.66416712743702 1.14082018495709 983.872697071844 4.2506808257239 91.0790336228104 0.698447059451973 70.8737990112491 9.89213985467771e-08
1983-03-01 00:00:00 1.64625594280094 0.00995179552222567 989.279503071159 2.4183596870447 90.2304152443191 0.732023781182443 65.6392497080307 4.31484175638318e-08
1983-03-02 00:00:00 -1.85182044553704 0.784676421342736 1000.96960587179 2.01631235191165 84.2498845897989 0.719394517352157 101.573587737948 0
1983-03-03 00:00:00 -1.65803755560013 2.18057737335855 1006.85148487483 2.53190642252566 84.1165871944012 0.710910229735868 128.513358417663 0
1983-03-04 00:00:00 0.59251922521979 1.81602342536326 1005.13327172243 4.07533926100467 80.3647196015924 0.697122341616659 123.683818453218 0
1983-03-05 00:00:00 4.35419370107695 -0.601197294033997 1005.19610846892 4.93070058481692 83.0914020286902 0.671725392020074 110.21365224162 0
1983-03-06 00:00:00 6.46846369868389 0.43105954677649 1000.64832021692 6.1765522354346 86.8586129175821 0.755273722349841 36.9064407483043 2.36474145452498e-09
1983-03-07 00:00:00 5.49895426644818 -0.92447707458137 999.994014519275 7.33218177313113 86.3462146391632 0.751489809878994 40.9073874631037 1.28975684104432e-08
1983-03-08 00:00:00 3.11428852550335 1.1657889015467 999.859696477341 7.39547890460085 82.386232511253 0.701536093435688 108.29674482684 0
1983-03-09 00:00:00 4.05312188675445 0.161380890591655 994.731924716422 6.98237753737307 86.4218382604523 0.714140844918483 93.25751160725 0
1983-03-10 00:00:00 3.80379544428125 0.133498274357397 995.591907279028 6.0073700782654 85.9529693436813 0.713332130410666 93.2747260709985 0
1983-03-11 00:00:00 3.4869317634364 -2.49274549728503 995.625789781075 5.94394761872195 82.9570697797784 0.76011661202483 82.9860430484931 9.8851445567301e-09
1983-03-12 00:00:00 -3.0163508221525 1.55774006282768 1002.17935120122 2.97737580394411 63.7708468039867 0.74456887914211 147.569645674614 0
1983-03-13 00:00:00 -1.78570620467762 3.50654276708435 994.942881463031 6.15154443328494 58.4189369555616 0.72563082915904 145.577749702286 0
1983-03-14 00:00:00 3.02188945810671 4.39521059250835 986.717589495516 11.2900676037512 70.0798508325479 0.725900375215477 99.6154548115124 1.91757180263258e-08
1983-03-15 00:00:00 1.08954726722545 -0.843088260592405 982.892455417381 8.250924720553 89.4413270819128 0.754678005666533 83.4198616811325 1.39749297862975e-07
1983-03-16 00:00:00 1.01214810861918 -1.58611307689371 992.764843271237 5.80195683428347 81.4010712556485 0.736776940913336 131.867868084485 0
1983-03-17 00:00:00 2.58798288650685 3.05713766530457 995.491803242394 6.51638678568606 83.637723206889 0.81201837028437 52.7410132313777 3.73166727513141e-08
1983-03-18 00:00:00 4.88568591254046 0.746232373764627 995.039947205885 10.2933975082801 93.3465144905252 0.787367366259799 42.361253937662 5.43236889412913e-08
1983-03-19 00:00:00 4.76025899229082 1.52986366665034 990.543556833547 9.58343386482424 95.7583086268799 0.819274082612474 17.6084235715967 8.51919271308189e-08
1983-03-20 00:00:00 3.36730087965082 2.14415773902391 990.244512890706 9.18570879418093 82.5600585162698 0.774004395315071 71.3764398111463 3.57794892914371e-08
1983-03-21 00:00:00 5.84022651321241 3.7196793481255 982.266582707672 7.74834746026491 81.3837671180054 0.795658203287469 67.0720201927794 1.08595751644934e-07
1983-03-22 00:00:00 9.92345315052712 1.57045650045176 975.036868468622 3.5510100711072 77.5705542897986 0.778188694453875 130.785448715275 7.72309517336668e-08
1983-03-23 00:00:00 5.56689347473759 4.1583869824327 975.081453576062 5.99437417986208 82.230541503898 0.800546533907976 77.7827809786566 1.65060917337737e-07
1983-03-24 00:00:00 6.25495331626675 2.18274674701799 965.721271039797 7.09920177102663 86.8630356582501 0.806948923968309 64.4054491197459 1.58376152263034e-07
1983-03-25 00:00:00 4.91751136873758 0.216989697392108 974.065779730112 3.56869189079714 73.6147023624438 0.766991971279681 146.643355188723 7.95078371726555e-08
1983-03-26 00:00:00 4.64324300689271 -3.62502612139185 970.055319789722 2.61749981250979 90.3591338459576 0.825117497260896 86.7011716667584 1.1915469679437e-07
1983-03-27 00:00:00 2.04227443873492 3.41734173326627 973.326240016069 3.21351427585818 74.4529450449957 0.800465616500506 101.475272735762 2.13850916185e-08
1983-03-28 00:00:00 1.97195239553554 -2.41449409615381 974.081620968456 3.32550939422121 80.6880888525638 0.793269592454886 125.160012002079 6.80958950965788e-08
1983-03-29 00:00:00 3.31550001819834 0.899610270040709 982.595069066375 3.65818431766848 80.0431559998102 0.78663237584198 136.256899293726 1.04107792047357e-08
1983-03-30 00:00:00 4.00957756911616 5.05375683090227 978.571631730756 5.41950740784304 84.2708666131689 0.865868292841276 26.6425662744127 6.98009841258891e-08
1983-03-31 00:00:00 2.2189987616876 3.99601028184901 975.463384438463 6.52967484189944 84.6379216818484 0.815919926956934 96.2158286782883 3.10395254574578e-08
1983-04-01 00:00:00 -2.53699478493556 0.260831851802665 971.804708831234 8.03517956421511 77.9050788142865 0.809922711905044 106.004713457694 6.60022013561326e-09
1983-04-02 00:00:00 1.11600354122757 -5.23069963457306 972.411524197897 6.22688753037234 85.9250823731821 0.845751971060448 58.886108707599 7.8974760251852e-09
1983-04-03 00:00:00 2.68191247640755 -2.09757132095114 975.591312067681 4.20041630403567 80.7712227748376 0.793851386114405 143.622411494009 1.14887544890897e-08
1983-04-04 00:00:00 0.961570563423499 3.72195322355668 975.014016918741 3.82734171149172 74.8606031996976 0.798009808606435 150.086681044089 6.17020540897227e-09
1983-04-05 00:00:00 2.2750585734706 3.96422995281165 973.237131158612 4.58104867971194 84.7500437625326 0.797761235499433 146.875773510855 4.56117959509626e-08
1983-04-06 00:00:00 6.50937847941116 3.59449418450279 966.777951089188 5.64568961296145 85.1531476758469 0.797711122231655 135.461329262419 6.53557345656206e-08
1983-04-07 00:00:00 4.54816046620047 2.7167811839823 974.809375605669 5.89709412661257 79.7880179794659 0.8038957525615 129.294316151128 3.75618708062767e-08
1983-04-08 00:00:00 2.47297678376317 2.23323553379946 975.990995223309 7.20083269323122 89.8172548559521 0.87804140071715 27.0123706756527 5.39534465109859e-08
1983-04-09 00:00:00 2.64368596858606 0.871557163001685 984.303124673231 7.27010185906497 73.0121392446145 0.83392384868706 106.372283818963 1.24802948748631e-09
1983-04-10 00:00:00 0.187364616618615 2.98382598038709 982.794560067659 8.96043927716677 91.5610057131076 0.855604331726646 45.3232290838686 5.19769431209138e-08
1983-04-11 00:00:00 3.09813791002302 2.84251644061962 978.02508762635 9.41482872189578 88.221504141944 0.862010788665273 47.1859650000317 5.50807726855413e-08
1983-04-12 00:00:00 4.21729514155912 -2.82029447609715 982.729355068825 5.43084866872683 92.2957491687942 0.876230303223848 34.4719701643818 4.8926342992654e-08
1983-04-13 00:00:00 3.66855781306754 -3.30687728980643 996.8579404509 4.71747266959353 80.5108197655563 0.802749915850651 153.319665014759 1.3699962347285e-08
1983-04-14 00:00:00 4.53216202112358 -0.849325771834017 997.233905934647 5.72812046663699 86.8079679690958 0.858083679636118 71.961154015437 2.6656071289096e-08
1983-04-15 00:00:00 3.99212217950178 -2.25885867748624 997.432629197875 8.4546632427991 79.1740905121426 0.831030964980154 112.570970163004 5.74665832643285e-09
1983-04-16 00:00:00 0.585174321898422 2.9676889974535 990.890874499187 11.1164694651734 68.9784718340253 0.719339381897846 253.554048575985 0
1983-04-17 00:00:00 0.267466459602995 5.98882526449431 977.921074424256 15.2684816581226 53.4442573734122 0.744350766147059 193.703681062051 9.57968740731714e-11
1983-04-18 00:00:00 0.0866030050478711 5.33267367869656 973.673165233581 15.5482598985352 66.6689771537512 0.781259038358578 142.672940003943 4.69309867795261e-08
1983-04-19 00:00:00 2.11258037031175 2.32910874524466 974.854549184172 12.3923777357727 80.7443313294729 0.798757131761952 126.8298218563 1.53975337117653e-08
1983-04-20 00:00:00 -0.675735421328416 3.18547211826179 985.091980953725 11.8081522775293 60.254240931992 0.742960680223862 231.389789407709 0
1983-04-21 00:00:00 0.0706408890971488 1.31255286211282 980.305827000347 14.1895858589868 68.3937569633963 0.816352276334641 106.854788528464 2.09187940026342e-07
1983-04-22 00:00:00 2.13095374217133 0.20111730654397 982.872503716463 11.0775717307495 75.377744915267 0.755140110971527 206.403129196301 4.22661835050387e-09
1983-04-23 00:00:00 -0.884320625245118 3.53565716456133 979.396278691519 14.0091541384827 60.5816067932184 0.79722100670373 150.59866606456 1.56089588201949e-08
1983-04-24 00:00:00 0.73164210616999 0.371334327082813 982.362488718472 10.9436309310425 75.1923208818891 0.805102879678745 160.999457838764 4.82619393414478e-10
1983-04-25 00:00:00 -0.876718656569504 2.43999491535741 982.263322072728 12.1255305095996 75.7636249001459 0.807479899812291 155.103149443565 2.30884435668873e-08
1983-04-26 00:00:00 -0.80239572550223 1.3020519596192 983.39804472 13.0140800686499 76.8678600839905 0.786448206243272 162.036852928273 6.55182652053485e-08
1983-04-27 00:00:00 3.63467063750364 3.98908335862513 980.771147154072 11.6711436602332 80.1490816794376 0.810676527693412 144.10096513967 2.88993790509119e-08
1983-04-28 00:00:00 2.85778998048692 3.63477323822501 985.971275048384 11.8344002124671 65.6136076545529 0.793349813350994 176.837566880995 7.92495495740558e-09
1983-04-29 00:00:00 2.65595928926411 0.987654688168637 987.151334692181 11.1138968285413 79.1270341696454 0.829993490195016 127.158090853518 7.58813032337122e-08
1983-04-30 00:00:00 -0.798849227564297 1.43131569372852 984.315097690775 12.4639498925525 64.2894046151651 0.781360402833592 193.115330343345 4.54248944718738e-08
1983-05-01 00:00:00 0.928601157247247 3.81459391149358 971.748463336478 12.0516533510523 87.7884071235327 0.843959941249668 102.222643895934 1.21273236143892e-07
1983-05-02 00:00:00 4.85361805714033 4.2115855603268 976.620504937228 9.47635383225711 81.4295773830093 0.807140140399656 172.385325458465 4.97144111616682e-08
1983-05-03 00:00:00 5.58978982047895 3.87436645465077 981.219755584822 8.54285631735598 83.1222466421665 0.873525403492164 92.8720519848898 1.81081825873107e-08
1983-05-04 00:00:00 3.286526473379 0.0970892262923275 986.083354670334 8.97778735916384 76.9501283729776 0.880591554781218 85.4564216850352 8.35585097134873e-09
1983-05-05 00:00:00 -0.871385903508075 -0.726396155395864 991.946338216166 10.4903226339807 68.7640865104697 0.784537599567888 231.270645098032 0
1983-05-06 00:00:00 -3.74084562767414 2.34588199677081 989.782388948984 13.4845010781006 61.8111971803377 0.799763745034317 180.183860963066 3.99458146934832e-09
1983-05-07 00:00:00 0.473076897592213 2.55086373191277 983.405576788941 12.9356336882605 90.25765589176 0.869859004422361 61.0121457879934 1.38502873580491e-07
1983-05-08 00:00:00 2.81891500417356 1.90188286696112 979.495015951316 10.8501846729602 87.4558270865219 0.826436207588893 155.347158570689 3.35560181769003e-08
1983-05-09 00:00:00 2.93429353896461 3.05636657929368 977.726420552563 11.4682875594898 73.5822072101389 0.825841127695345 143.008155772703 1.54921232871373e-08
1983-05-10 00:00:00 2.4606395212687 3.47745601786907 974.358331729528 9.82046167074221 72.707856458125 0.82612203424413 156.613928834671 3.9534701391747e-08
1983-05-11 00:00:00 1.79309132068527 6.20067329677324 969.307998276269 8.98200544883303 84.1588467891775 0.870423848940821 97.7812808780402 6.61128329988798e-08
1983-05-12 00:00:00 1.77964698629559 5.95337846311442 972.649375531081 9.85716898885989 84.8027259101773 0.908124519303088 46.9617725211982 5.81839223002273e-08
1983-05-13 00:00:00 1.90806744701076 4.41584367724566 981.578801723797 11.7866575261121 64.6504406946588 0.821280262149316 185.391959331813 1.20519157462789e-09
1983-05-14 00:00:00 0.516300027221735 2.88922408429996 983.816828586597 12.9736992826673 67.5027773937713 0.760554233990758 241.480860932354 4.73708231425978e-08
1983-05-15 00:00:00 -0.0428075259439759 3.65287395774732 980.084787269531 13.9822017698755 86.3426923141754 0.829262431597754 140.748497809219 4.84260204965927e-08
1983-05-16 00:00:00 -0.875222416270696 0.491848488383824 979.028255440009 12.5148223676306 92.6919011938348 0.900421232448408 41.9812633617461 1.14259438539436e-07
1983-05-17 00:00:00 0.179316077429596 1.76047057909528 983.453620438853 13.1402637097754 82.0032753337484 0.83553229654046 142.977559148945 5.41990009970827e-08
1983-05-18 00:00:00 3.21945414455042 3.8265897417095 985.230369252897 12.6727566687232 71.7813024313126 0.791544489105516 216.600379153354 1.31979640226845e-09
1983-05-19 00:00:00 1.94287614329515 3.54590936940059 986.094268123556 12.381119617218 65.3792933062149 0.814923140329063 195.120529473207 2.98614631966118e-10
1983-05-20 00:00:00 -0.176876555931729 2.65909457660777 983.517221112144 14.2107415563831 61.5439772037404 0.814987697736475 172.094321053407 4.71871978707831e-08
1983-05-21 00:00:00 1.79104561394911 1.52602709431286 976.637083299784 12.2623438344849 90.8215079052722 0.871790131043918 78.7869765077542 1.04258437314942e-07
1983-05-22 00:00:00 2.39190633694302 1.37612811357891 985.115230835216 11.5556789576111 70.2835366655267 0.815986141705449 184.005619150714 1.50632846615756e-09
1983-05-23 00:00:00 -0.0441534902179666 -2.83663232624943 987.316054510209 11.3529571324317 78.0094241876794 0.855342849042484 127.224486818649 6.57713769955667e-08
1983-05-24 00:00:00 1.07705611357201 -5.45576430718203 982.408698298469 9.44281802019046 97.2410451002802 0.913697289010981 7.61606635338846 2.58313949799332e-07
1983-05-25 00:00:00 3.89105747717826 -4.18281271619626 982.416624812722 9.07609231731082 98.0803757847134 0.915859789609363 1.84258624171686 1.95025707413465e-07
1983-05-26 00:00:00 3.91029361551136 -3.13415662159534 984.458907239159 8.37755182675662 97.7820031059494 0.918872147596543 0.804914008315924 1.85749200751327e-07
1983-05-27 00:00:00 4.10518038548581 -0.83890023508678 988.224293745509 8.52021255374148 83.7679248045154 0.894185485695245 62.5613984799736 2.44181924319352e-08
1983-05-28 00:00:00 1.02754043742922 3.73397314940152 985.5892194067 10.0267708284021 75.758432499552 0.826936856423986 175.358419619102 5.48854503535017e-08
1983-05-29 00:00:00 3.54675382311633 2.54325569132025 981.622027134878 9.84466507666384 90.0516203066623 0.860859315335872 112.645751127711 7.68411467789883e-08
1983-05-30 00:00:00 2.27713269419611 1.25923258653401 985.945441835478 11.6502458200635 74.120418984035 0.828288129630603 185.308641708132 4.84330949141839e-09
1983-05-31 00:00:00 -2.02874924413361 2.01841213163399 988.636131414853 16.3758637861231 61.9086051258964 0.757976692629197 252.220980210033 9.64034693561734e-09
1983-06-01 00:00:00 -0.405804311053513 3.94372975629 986.549963760266 19.5605096094983 65.0898970241042 0.829921432462507 128.495817567855 2.28422273769151e-08
1983-06-02 00:00:00 3.76233038117049 3.43749298390987 991.290976614575 17.0702324168946 68.5184175859995 0.76265623059072 241.038740808641 2.25520186493151e-08
1983-06-03 00:00:00 1.74460700879239 0.849194415695552 996.102121472547 16.3916315978772 67.4949565004059 0.766084392069834 251.382155004014 5.29921620229184e-09
1983-06-04 00:00:00 1.0421125939453 1.2704965010002 995.644391244409 20.422881455221 63.1889648348261 0.736799565961584 253.420189774584 3.37365415755311e-09
1983-06-05 00:00:00 -0.692131510816168 -2.88468910326511 995.26501717696 17.2615410910901 77.5025083618524 0.847727721974991 130.765376792031 4.74431802598416e-08
1983-06-06 00:00:00 -4.21507007353342 -1.97468797259963 996.793617784663 15.0282803779358 62.9654316209607 0.727081240838951 319.703464527611 4.83929148945247e-10
1983-06-07 00:00:00 -4.29218158100872 2.91037988208075 996.361616179456 16.8685384286121 53.0902721741942 0.720134801953169 333.324243208408 0
1983-06-08 00:00:00 -0.56885496046899 2.07295227540957 992.472480650778 21.6821918047571 51.6060257767821 0.726393664159966 274.960331318279 4.26247537664049e-09
1983-06-09 00:00:00 3.21982528348683 -1.15872623306881 994.549963435987 18.9817394945874 78.0214315988123 0.784188119097621 194.952710304819 1.2918935127523e-07
1983-06-10 00:00:00 2.96559081592505 -1.38307733042123 993.055184972556 16.1094096471399 75.3015113313153 0.81150787946729 185.695533202172 1.01620887682653e-08
1983-06-11 00:00:00 1.91539673354834 1.31243070852138 989.071392108994 17.0005866580298 65.8866074015894 0.790961268979063 205.671366089188 2.1944680527918e-10
1983-06-12 00:00:00 1.6533216947588 0.0609078251857731 989.037513902316 18.7365611576062 61.182963803679 0.7424593066746 258.847113492913 0
1983-06-13 00:00:00 1.12549253385852 -3.0115903268975 991.920677238037 17.0054588744666 72.5998481088211 0.797795871618608 203.388488414644 5.92800393363209e-08
1983-06-14 00:00:00 4.08501569765258 -0.171759458511195 994.134300100591 14.9246103929773 67.815245975466 0.814271057135678 200.329176484389 4.49375795037104e-09
1983-06-15 00:00:00 3.72934014049853 -2.14293827567094 998.008476074787 11.7956690177027 71.6868510971551 0.820089237159679 209.449873849761 2.41985990246697e-08
1983-06-16 00:00:00 2.31300036203986 -3.37125168297962 1001.05035047037 11.0443050963294 64.5910720850909 0.849632928311924 155.393268392495 4.94600787361517e-09
1983-06-17 00:00:00 0.882611869399443 -3.76394710386992 999.306166008619 11.097568652146 61.1871894591725 0.781201198570218 257.879182316549 1.40014910537655e-08
1983-06-18 00:00:00 -2.5232701504605 -2.44549345612191 999.938236895656 13.4368478130908 69.3177888817633 0.81211364955565 197.049056423346 1.52866169634113e-08
1983-06-19 00:00:00 -2.52120155325781 -3.49273081748592 997.252490803225 17.4851217792822 61.5355553197801 0.710119919715006 325.273146341404 0
1983-06-20 00:00:00 -3.43457202849361 -1.93191634857166 993.593518182534 19.4081343388916 53.2887602360048 0.700093851183428 329.630000877133 0
1983-06-21 00:00:00 -3.78817869915942 -0.802931974079444 991.305531817806 21.1776757531763 52.1129454076589 0.758751071823468 234.017231906764 3.25586121136941e-09
1983-06-22 00:00:00 -3.48224560797378 0.233817722561048 989.825808673987 22.3162802829993 56.3186406828861 0.74989044912546 235.574111878078 3.32233795354899e-09
1983-06-23 00:00:00 -1.63563538913475 0.566484144710195 988.030125870672 23.1514771104895 52.0387124601732 0.746937273744241 244.592754547825 2.1937053325717e-09
1983-06-24 00:00:00 0.949514353529723 0.0728511399359679 988.405810257003 22.2316810193311 67.0329741146175 0.774184740929575 210.720357807918 5.21621568432228e-08
1983-06-25 00:00:00 0.191238532875994 -1.5820406547351 990.453346827122 19.2629054265515 86.8647215556568 0.794563382039441 184.600607124622 1.4940388251247e-07
1983-06-26 00:00:00 0.285058551109045 -0.483757096461677 988.955440153578 18.3462861417859 87.3444000151434 0.819280749730676 153.116540309622 1.31271089951215e-07
1983-06-27 00:00:00 3.51380478085141 -1.21981768803732 985.41774125435 16.6835467610657 76.470580094414 0.831021531741158 147.332116548835 1.10470344223614e-08
1983-06-28 00:00:00 4.18216741017316 -2.44155049850699 988.623529602528 13.6348857725379 64.1208738759522 0.816444772804782 191.956927369316 0
1983-06-29 00:00:00 4.59139174224426 2.16784130472117 987.190584685853 15.5073350415418 70.0257674102695 0.880351021343174 59.5816886319181 1.31567887170908e-08
1983-06-30 00:00:00 3.29248970093783 2.66054782956185 983.835417328747 15.1340143970789 91.2584812043668 0.903361488842965 15.1721671854485 2.36128657108687e-07
1983-07-01 00:00:00 2.21937208673047 -2.89996960244872 990.4577098205 14.4482149695801 75.5407808043429 0.821692299190337 176.194447934133 2.17835872793348e-09
1983-07-02 00:00:00 1.63456618423697 1.38921496421206 995.691239320741 17.1229703932996 62.2606859561801 0.757299902800962 260.526257604564 0
1983-07-03 00:00:00 0.676601322809223 -1.36469426613516 995.155859101891 18.7312238541492 67.2905480572319 0.785665764742497 208.000921379906 0
1983-07-04 00:00:00 -1.47845374339273 -2.15942382896403 994.468863033281 19.6234069634802 63.7663003075884 0.724981623386988 289.501258810603 0
1983-07-05 00:00:00 -3.34858920957691 -0.54943667846596 992.878730990328 22.2015685408411 58.3086481190643 0.743171082155903 245.166244042981 1.4602816782595e-10
1983-07-06 00:00:00 -2.26329660609349 0.769532703869013 989.559109191665 22.8581493435291 61.8329402944571 0.76984532790255 204.176993852131 1.4266975426588e-08
1983-07-07 00:00:00 0.251534920699347 -0.376721417404631 988.030856016756 22.0939557615222 76.6444947845038 0.771425064978161 199.044884698513 2.31966389956127e-08
1983-07-08 00:00:00 0.281742833277436 -1.97582315814887 989.046957594247 21.6244353671241 81.6879158823919 0.799923084589011 156.119645750876 4.1259211450041e-08
1983-07-09 00:00:00 -1.1620886935377 -2.14740158409742 991.597883633259 23.5756472109656 67.302828263482 0.755448779029027 215.306923286942 1.93483678196326e-09
1983-07-10 00:00:00 -2.56718258308147 -0.795480722792816 992.280519224091 25.0309839886878 50.2365605190451 0.700578731027853 287.154390059612 0
1983-07-11 00:00:00 -2.29769908727089 -1.00981413032249 992.88078618305 25.8822936997022 49.3471392783133 0.70939968492728 266.242823893274 0
1983-07-12 00:00:00 -0.861406950723997 -2.93100995313541 993.304764617906 25.1535216937122 53.4616700109328 0.743359354107033 229.065122475083 0
1983-07-13 00:00:00 2.33340087903656 -4.01705415757887 992.839203042966 19.8935853723914 70.9875478610663 0.723826352914291 280.334251835518 0
1983-07-14 00:00:00 0.807553306012174 -3.03479649022127 993.118452480691 16.530555907157 68.573732037883 0.763488342391882 233.338860648138 0
1983-07-15 00:00:00 2.4525929038202 0.613140753784442 990.723360632503 21.3251496144007 63.6594738149269 0.727315436800917 264.159366493372 5.41180216355216e-10
1983-07-16 00:00:00 1.65982296616894 -0.338135756833403 988.867202873756 23.9406061695093 66.7017923079611 0.74206300187944 227.952850487394 1.64743911382733e-08
1983-07-17 00:00:00 -0.744480138248253 1.5939712582269 987.566103921381 26.0080407852845 55.0046415642032 0.713242028058528 246.417512308452 2.45212856978089e-10
1983-07-18 00:00:00 2.77064976901157 0.826927026563522 988.927011512578 21.9515464014417 77.2407373899243 0.821870016254221 120.503720388257 5.85762735826455e-08
1983-07-19 00:00:00 0.118022225093026 -1.54695532712718 992.612887771722 20.0404792699524 81.8587163269098 0.814234321807087 144.646281836755 2.96667744576607e-08
1983-07-20 00:00:00 0.44125979766442 -4.14944788221561 996.253739953003 16.3253036357947 64.1486560070964 0.747273145015593 275.074491856176 0
1983-07-21 00:00:00 -0.283821286717499 -2.47592407431945 997.801178335491 15.1628687536463 58.1645497568538 0.7540149964146 270.230614646238 0
1983-07-22 00:00:00 -2.59533673871354 -0.140719498453298 991.542850583462 20.0611788503479 54.4997430093755 0.722938548684647 276.685457118384 0
1983-07-23 00:00:00 -1.93294164600098 0.414321345062671 985.943285444463 23.8830394571765 54.5997052046611 0.751223426002288 213.855114870965 1.09951167526058e-08
1983-07-24 00:00:00 1.36884441439036 -0.325216226169875 984.447910320891 20.0181277359168 87.2605408307922 0.837847606785046 96.9415542945281 1.41729587153947e-07
1983-07-25 00:00:00 -0.699917435089021 -0.182417414495581 988.340468229188 21.7208862010303 70.1216533483069 0.729601774530491 236.150540757861 4.95474296757611e-09
1983-07-26 00:00:00 -1.08748026798946 1.60576724578521 987.002980329672 26.1117162142652 56.0002926061289 0.702161393370707 236.526569471677 1.28540002443774e-09
1983-07-27 00:00:00 -0.367648576605502 -2.78282162612024 989.744932464091 25.0808753600379 68.9009906037457 0.701852215759349 234.694288177613 4.7586409688753e-11
1983-07-28 00:00:00 -1.50200614164879 -4.01118005106376 993.074575772513 21.4443557682666 68.0501322831537 0.743248184022651 218.713983669398 5.72150185950956e-10
1983-07-29 00:00:00 2.75983133988533 -2.53659956577158 994.774527542066 19.3397325407678 71.3143794222955 0.755259357000731 210.489205995035 0
1983-07-30 00:00:00 0.846799860276429 -1.77714562338126 993.278880246597 20.5320288725476 69.3787318139316 0.722154049714399 252.608677592113 0
1983-07-31 00:00:00 -2.70282233647954 1.70325824861897 985.488724182056 25.1133215400635 51.8125335741246 0.69082214206804 256.937092154574 0
1983-08-01 00:00:00 4.54699261623607 3.40558383880744 979.309616575597 22.6719764772229 75.7310240669507 0.782084828185377 146.187622538935 6.12687155030592e-08
1983-08-02 00:00:00 3.3999927565311 0.779152802026039 986.767000770303 15.5313532176306 76.5070718055005 0.800057335056897 181.869758522908 5.91112711553385e-09
1983-08-03 00:00:00 1.1631154969733 -4.01854077305409 994.357245379028 14.9929988979737 72.3116634672571 0.806059528313873 174.135216826747 5.47066801028884e-09
1983-08-04 00:00:00 3.56750624758436 -1.82820230371079 996.399908534294 15.4411085485535 72.1820005463297 0.82425674922403 135.144546298607 7.30812758130691e-09
1983-08-05 00:00:00 3.22257748379449 -4.55390836238489 993.330595460769 15.2113549440955 82.7197940915827 0.843077972415041 81.3448000563308 1.48868531752497e-08
1983-08-06 00:00:00 2.82852692127293 -4.39883608045456 992.40076801411 15.1611477119312 88.1947780818622 0.869020104626605 45.372171129958 4.28352037064923e-08
1983-08-07 00:00:00 -2.05946887750134 -1.63526080454075 994.018611207544 18.0751102968714 75.6585245509116 0.77220072267536 178.371868021155 9.90169057166299e-09
1983-08-08 00:00:00 -3.23756753944587 -0.438044236531685 996.846230048003 20.7332042598487 64.585195255426 0.752236733408119 188.500674432775 0
1983-08-09 00:00:00 -3.47487416167823 -0.725919927143978 995.741803219384 23.0279607839795 60.1125999111984 0.682539937501144 250.142608470322 0
1983-08-10 00:00:00 -2.37792508793176 -1.83237757273453 990.979773588791 22.4316443226184 62.4793282068953 0.715218234144633 227.69673215599 7.98449555055535e-09
1983-08-11 00:00:00 -0.739184605336166 -3.00830931933151 987.33331094375 21.1949986361902 63.0614192638936 0.692423280879025 255.978253710032 0
1983-08-12 00:00:00 2.62780863377622 -2.02028747435868 985.414033125409 18.9436547440381 68.5135984221335 0.694028295523633 252.538251159139 1.23918636476528e-09
1983-08-13 00:00:00 3.36775022808456 -4.04708685456162 988.436592023909 15.8520253717212 70.5219546340216 0.81289278206567 115.818097908334 7.67635338084813e-09
1983-08-14 00:00:00 1.03671116153729 -1.3526046232955 994.260327162847 15.307039119159 72.0817452255667 0.817070522142753 118.052733297703 1.26842552801023e-09
1983-08-15 00:00:00 0.0479026391186091 2.01823496787157 991.908461626128 18.3668119645667 63.9216682225328 0.685799095341787 267.878440411737 0
1983-08-16 00:00:00 3.38092581158935 1.46188712769339 987.43434956785 20.2848068981726 64.9154010642363 0.718725375597661 206.239116183101 3.07335202360787e-09
1983-08-17 00:00:00 2.49120131021061 -0.364156830644017 989.153521043584 20.0359194875208 71.6613592133691 0.71457973039301 204.117144016545 1.58361153353714e-10
1983-08-18 00:00:00 -0.381321637188749 -1.00897687464404 992.522449392547 21.4014617457813 72.2043047174872 0.730809721840973 178.503393016188 0
1983-08-19 00:00:00 -2.7739462621874 0.347189702939905 990.347278359131 24.1698475898511 55.8444604252608 0.657098301715124 240.589980397527 0
1983-08-20 00:00:00 -0.186033681710237 0.889964395740221 990.326122669053 24.0618920934778 58.6492960263533 0.69345828883061 200.967240738425 5.17581380398488e-09
1983-08-21 00:00:00 1.04540496546136 0.234996431748715 990.440559646719 21.4693601278015 81.7508407687827 0.730052724559107 171.137199738315 6.84787783792107e-08
1983-08-22 00:00:00 0.647680989158188 -0.549428549374602 992.190631600866 20.5711671726648 77.9176306313275 0.73100816274268 181.192404554269 6.57096958815137e-08
1983-08-23 00:00:00 -1.27113917049257 -1.24733298502736 992.161628484369 21.2322619705872 71.3904525500598 0.729616049873457 177.844628499086 5.72383634888266e-08
1983-08-24 00:00:00 -2.24030142280229 -3.01270556648069 990.427048983472 20.9629781864124 76.9922302261932 0.741038991253842 157.838607923986 2.87558313489862e-08
1983-08-25 00:00:00 -3.49916943622743 -3.3009956079184 990.73211114076 23.3883085470423 60.2733931490491 0.670378531115704 213.079347871621 0
1983-08-26 00:00:00 -2.43074882751909 -2.90816212669583 992.633864527078 22.7268551765674 62.720354852258 0.66007853745958 222.428108107188 0
1983-08-27 00:00:00 -0.797856783218564 -2.73044628075437 993.864020935359 20.2305431684119 70.3119725819141 0.673641016936887 224.245766217656 0
1983-08-28 00:00:00 -1.205054819274 -3.48935298491241 994.402031392916 18.1186340678089 73.1291034689032 0.704632101904064 212.778143979031 0
1983-08-29 00:00:00 -1.80064384260901 -2.78548543227765 993.685690628803 17.3859639567554 67.1804666278771 0.681245007665373 235.21230751984 0
1983-08-30 00:00:00 -2.15941284222577 -1.06739899418556 992.835104727387 19.6864100671912 58.9366674773956 0.674180697539684 232.535901434457 0
1983-08-31 00:00:00 -2.40111804087403 1.23347856316945 988.223422123466 21.7783198320362 50.5916667178511 0.656083061014847 227.566640390937 0
1983-09-01 00:00:00 1.51486679342073 3.2150286960778 982.941430544084 19.3830167053955 77.8058204407904 0.777662064142001 104.882125757814 1.67835096772183e-07
1983-09-02 00:00:00 2.22549636444895 3.9094659634392 983.039487803097 17.8876783512158 73.8141182300604 0.744046977592468 153.220965994688 8.62242344403699e-09
1983-09-03 00:00:00 6.79479251050833 6.3860584587541 981.876686641631 15.2342462239698 73.6105804265161 0.800151153403132 90.384584747947 5.03359195421712e-08
1983-09-04 00:00:00 6.00019183747885 3.30770051291897 990.133560521087 14.8370625231714 70.149285189111 0.782639673800323 99.6182618876343 0
1983-09-05 00:00:00 6.82755309810454 1.38043676814063 992.651653878072 15.9335362466651 71.4024616895966 0.752681762363735 138.796524999369 1.23165546520676e-08
1983-09-06 00:00:00 4.92719067715086 -0.112625572054524 995.321368013712 13.6308689395593 64.6479061497842 0.760978881942391 155.419355465305 0
1983-09-07 00:00:00 4.9115266021509 -1.2985473399523 993.281712706687 12.0400459327503 59.2329692922588 0.777012300300973 147.44276040823 0
1983-09-08 00:00:00 0.352665145764464 2.8887169047976 986.513741638066 14.502734214856 54.3747593856893 0.713575580529655 166.747724221837 2.45045671904669e-10
1983-09-09 00:00:00 3.90758463425439 3.60771093347841 975.808271090981 17.3574451427588 75.7371752541186 0.812214623163814 42.4123774541172 8.0746751285378e-08
1983-09-10 00:00:00 2.26698007206576 5.81218302709879 973.038861974725 15.5204111309973 84.2869870947369 0.840793793416041 20.6040254428415 1.51180752397237e-07
1983-09-11 00:00:00 4.79782771411672 6.04189914932385 974.588262068959 12.6212093115784 75.7299682996597 0.765569523546571 108.339908381455 5.73947414863744e-08
1983-09-12 00:00:00 7.26998323173256 3.15755262294798 980.241213975103 10.8633470356543 89.8108412004895 0.81891140632759 38.5901202638214 8.13422719587943e-08
1983-09-13 00:00:00 5.1827574814114 2.53963179417938 987.888163313259 11.4607153626416 75.985003643454 0.77801520645177 95.3739348299409 4.06734159711636e-08
1983-09-14 00:00:00 3.85756441937195 4.93312723115326 987.158357891625 14.2677431545203 86.6464062271045 0.80116332091681 44.7549785584408 5.00882253564599e-08
1983-09-15 00:00:00 3.23790266845957 5.57226946391857 978.264927517912 16.1913286528406 83.3553336474319 0.78305249453898 73.4135159179757 1.67516164954907e-07
1983-09-16 00:00:00 5.00472948043939 5.86632158019884 972.826235720525 13.0848173693787 81.0157027060843 0.756034531100337 113.121423448912 6.09549153712523e-08
1983-09-17 00:00:00 5.37074695310425 2.74472806395904 976.827256108734 11.9926914321143 83.1922445213879 0.75328409594106 98.7383888959921 6.13899142006668e-08
1983-09-18 00:00:00 3.90221090045548 4.45573345299699 986.219426247694 13.2448968652161 78.4191451883866 0.785059150225665 71.5489913660137 4.27211093201916e-08
1983-09-19 00:00:00 3.73301801618483 3.24292867174646 988.954385050797 15.4013380845655 78.7067823525824 0.789525377181192 42.3108999035751 2.61707957997057e-08
1983-09-20 00:00:00 3.56899457762586 1.73920925116325 995.904819713247 12.8062841704895 71.7829472972931 0.732419411467696 138.439984835963 0
1983-09-21 00:00:00 0.489068891858479 4.38632747730946 987.705617809788 14.3946611167383 73.386479089888 0.764456574424205 56.1119047465642 4.66731236050467e-08
1983-09-22 00:00:00 4.79081837551819 -0.895159676610749 993.536543961141 13.3719279333252 78.9967882354956 0.744001478100035 95.1160498640885 2.52978396320783e-08
1983-09-23 00:00:00 -2.03452258973241 1.72358072620438 1000.38765792245 13.371916863761 69.3387548964847 0.67921678610907 158.068691062683 0
1983-09-24 00:00:00 2.72435646565372 1.41085096833696 997.236735570109 18.4296893726721 68.9986729087375 0.610737988341971 148.637406964993 2.06382772722595e-08
1983-09-25 00:00:00 0.695626086573261 -2.64140326562593 1004.14878081921 12.5887173023389 75.6997028029465 0.703028108516549 128.650334423289 0
1983-09-26 00:00:00 0.836603702367337 1.00365702291008 1004.14112289934 12.9843414901673 70.1705691630359 0.679581385561565 150.365622383184 0
1983-09-27 00:00:00 0.199111904489569 0.427311143560731 999.757586323009 16.0282865768311 68.9371557444895 0.639812759665666 145.661169587867 0
1983-09-28 00:00:00 -3.08088503751537 -0.358751792380302 994.794307024984 17.1574739687952 74.802554478473 0.645504612189338 132.855659374377 0
1983-09-29 00:00:00 -1.41555524068052 1.52655171957485 988.916469393384 18.7361299857422 67.7295957603931 0.614658167405824 142.951996816747 0
1983-09-30 00:00:00 -0.998413220359255 -1.77428041698899 989.422427770925 14.5652720120593 84.5753096934509 0.660108451152463 100.299563948703 3.3728941298998e-09
1983-10-01 00:00:00 -3.89408114060446 1.68140994121889 997.759221856622 12.9255283149426 65.5599754577063 0.662925378067907 118.816908440411 0
1983-10-02 00:00:00 2.9498357081642 1.92654601766387 995.936796947125 15.8833609866162 83.2150340984924 0.671580650553974 74.7889083198205 3.86813526992732e-08
1983-10-03 00:00:00 4.03198940238903 2.05860865983024 995.078874725097 17.4453930503736 86.5274692530994 0.697597124643791 38.3213805216049 1.36536732706848e-08
1983-10-04 00:00:00 1.85891583050241 4.31128120665316 991.166883464791 20.0429265991516 70.5992985231488 0.592643480493956 111.723340740423 0
1983-10-05 00:00:00 5.59656379747935 2.37743095920318 991.636988481594 17.247210525846 72.633498692038 0.660596287427109 79.0216600214804 2.57526475984447e-11
1983-10-06 00:00:00 5.93162136372403 -0.2295815909071 994.267135970134 13.1036625361792 77.2925728023123 0.688999727633783 73.0634031787106 9.93487953838838e-09
1983-10-07 00:00:00 4.54948776174624 2.75122531380699 993.5116066745 13.0007060648059 72.008141374444 0.63184511546069 91.5723697205703 1.89986024686903e-09
1983-10-08 00:00:00 6.42502200676102 2.12419918985308 987.775599107719 11.7721167994092 79.3234109879373 0.689439551248687 48.2538397813309 6.54210532963265e-08
1983-10-09 00:00:00 5.51290119021502 -0.179580322118081 984.059475992384 11.3445232099317 81.1856985654428 0.638108887616731 75.7153316066947 1.05923908582981e-07
1983-10-10 00:00:00 6.28075756589609 3.97571480136116 985.734984551562 13.2774959005408 83.3337702566782 0.64778836401159 46.6135758395124 3.0163030629324e-08
1983-10-11 00:00:00 6.95249904949423 1.8570186942024 987.995163032122 10.2352876150525 82.6469756013434 0.683077296352799 68.4519889935736 3.64229267177641e-08
1983-10-12 00:00:00 5.36869324504616 2.56270915550481 993.516037846247 10.0853978089124 70.6020980053274 0.682910199489615 68.9268435035071 0
1983-10-13 00:00:00 1.27804995832539 5.95277894786621 986.844447240034 14.0587382557849 57.9080534585876 0.603817362083119 97.5949740301614 5.48109151334957e-10
1983-10-14 00:00:00 3.71764552284319 3.88180037784146 987.338740413219 13.8740434383643 63.9773821874556 0.584871055366447 82.0316894209049 3.15788678207593e-08
1983-10-15 00:00:00 2.94594210828602 6.81475723306406 982.408181207269 12.6474868853052 73.4176581240405 0.636922448893411 56.448083165994 2.87254203930282e-08
1983-10-16 00:00:00 5.90956950975994 7.89705068170862 972.833616350475 11.3947296082996 71.0429711770139 0.648946836355882 56.2356964850994 1.10255820012123e-07
1983-10-17 00:00:00 7.02998498834616 2.57569777308284 982.925809849563 8.74967921019534 77.6537519762772 0.677038811120309 51.0992850782573 1.96004034918591e-08
1983-10-18 00:00:00 4.62574275984604 4.27657840431744 991.671069601687 9.42789854895511 89.6818583788602 0.690073649184626 4.06050610460261 4.00660206156408e-08
1983-10-19 00:00:00 6.56822053540127 1.28586995797571 994.413624885028 12.0438656582105 88.8156492392099 0.606656563500295 33.2694132776249 4.0863674836421e-08
1983-10-20 00:00:00 3.78707033944787 -0.669897931019869 999.816829427291 8.61802196280276 77.5617649314383 0.596977342841116 55.9005852309655 0
1983-10-21 00:00:00 0.093227595114698 -2.94564659037629 1005.14514666608 6.90457537474612 78.4554155010959 0.630636890125899 62.3515314123462 0
1983-10-22 00:00:00 -1.21339623938283 -0.954672731451426 1011.11944212476 5.48774220618655 83.232096945939 0.648748155880599 82.422978524866 0
1983-10-23 00:00:00 -1.06740367729919 1.96731455199047 1004.05722360987 5.19686663484255 79.8509172238254 0.633601388859587 89.9693864147821 0
1983-10-24 00:00:00 -0.394662006169984 -1.33518102209905 1000.15839602237 5.67401972965823 83.6905281912232 0.57402971570985 81.4578715411846 0
1983-10-25 00:00:00 0.314145327810652 1.20679370138216 1003.33615026197 6.18257277546755 81.8030320187915 0.529252391345041 69.4465013181689 0
1983-10-26 00:00:00 3.4638934544512 1.19113906328079 999.430208513897 8.80771015625003 85.2610768120606 0.516534418163963 39.0316635893589 0
1983-10-27 00:00:00 2.36211319251372 2.63487747597274 993.745197337322 9.58491418957766 76.1945738115219 0.530160218072179 66.0673658126855 0
1983-10-28 00:00:00 3.06801894089067 -0.257504361104393 991.621413388153 7.40826694938967 88.8070441732169 0.602616631482303 26.5282099362172 3.07436848605797e-08
1983-10-29 00:00:00 -1.0337982442318 -2.75747993313452 999.089928021625 4.61550895662722 83.050382788963 0.575989249568671 63.316392640443 0
1983-10-30 00:00:00 0.337390201149878 0.341406223060389 997.768812953644 3.05310875136477 82.965630977825 0.569197595703142 78.0876923323636 0
1983-10-31 00:00:00 5.02955800646929 -0.376384213105269 995.020230303803 6.94217585232913 87.9604992934192 0.492779311875415 26.3365310592675 1.5250526398328e-08
1983-11-01 00:00:00 4.03054280496408 1.84961980831132 1000.54825827852 9.21557592407351 83.9719345818921 0 54.4681175216359 0
1983-11-02 00:00:00 0.13568163169124 0.863987477975087 1000.92928072656 11.8393893340271 93.8161075354883 0 30.198210620874 1.4088609453735e-08
1983-11-03 00:00:00 -0.79752968834257 2.58659151244435 993.964837089059 9.44489476176639 84.3066542384912 0.232444816933 71.5907353723801 0
1983-11-04 00:00:00 1.07227010498291 2.51941446296271 990.685634797435 10.6406840370105 83.0872034560342 0 69.7152177865677 0
1983-11-05 00:00:00 0.523154270401009 1.70939823148857 991.271656587328 10.8329266186902 89.4806371219443 0 57.7075711008737 2.34636415853144e-08
1983-11-06 00:00:00 -0.0255198813487402 1.75643255493219 994.357912769228 10.4971982246424 92.7014317351703 0 42.6130668060269 0
1983-11-07 00:00:00 -1.81744985301699 2.30475731361097 992.757230969372 8.95653494040652 87.5738811897449 0 67.8519843326532 0
1983-11-08 00:00:00 -0.722501240219289 2.57469878360168 994.30322748525 9.10759417361331 82.286140656579 0 63.7640561714973 0
1983-11-09 00:00:00 -0.967080699881161 1.68420973907381 997.633629063503 8.91032890084598 82.4796927089157 0 64.4360892137241 0
1983-11-10 00:00:00 -1.79644074418075 1.51918648682518 995.311024105163 7.35279666275882 83.1006221600247 0 59.0171059580284 0
1983-11-11 00:00:00 -2.97802109669782 0.370350185139593 995.26534279025 5.77113919909305 85.6925310079208 0 62.5068528059387 0
1983-11-12 00:00:00 -4.27309336831779 1.4604476696797 997.810484226487 4.19894438001956 71.073716588956 0 63.1413712352206 0
1983-11-13 00:00:00 -4.65167532002295 0.200064720199226 998.026105559919 0.847153048917263 65.2993364883166 0.424355646430512 62.8557931834402 0
1983-11-14 00:00:00 -4.16872741264353 -0.508256359907514 1001.20079500353 -1.58072888279538 58.2013226821634 0.515991025533623 65.980699483183 0
1983-11-15 00:00:00 3.27234360687659 1.16795744983211 989.295497133281 -1.40782627267941 80.2974796905579 0.38167974320928 17.5925043997457 2.37223678776686e-08
1983-11-16 00:00:00 2.72789462773297 -0.205898305187609 983.808703096741 2.88264495059451 96.5756726617783 0 29.679980701664 1.21982878358379e-08
1983-11-17 00:00:00 -0.430365059421559 -1.10976402996579 987.472088026091 4.27625474027346 96.6704633605731 0 26.2337202795919 1.36641990606913e-08
1983-11-18 00:00:00 0.14100611413063 -0.372054744851784 993.542846980206 1.63522477620486 94.1133779148544 0 45.1617064051053 0
1983-11-19 00:00:00 1.80516136362209 1.23578175629822 995.381009565959 3.43443018017459 93.7947211898111 0 26.6407007876714 0
1983-11-20 00:00:00 3.97938680367298 1.09261136751653 988.47884198825 4.27010037037235 91.7552612271115 0 28.7961166653387 1.00148925730901e-08
1983-11-21 00:00:00 2.97649414494864 -2.6316380064644 989.379175222894 2.37338543570315 90.3114941423752 0 41.6220080661066 9.15392871531656e-09
1983-11-22 00:00:00 2.44203169623949 -0.0662018204019311 996.074419007781 0.344628127789334 89.8651690095606 0 50.9661770824235 0
1983-11-23 00:00:00 1.74656706405755 1.20680800527885 996.700751776306 0.332112610988798 89.9810278635996 0 53.2963434779494 0
1983-11-24 00:00:00 -1.03171769995724 3.19256592874039 995.103382300016 0.684131102225369 82.7816596700516 0 51.0940720634255 1.47079900007579e-09
1983-11-25 00:00:00 3.95194640058565 4.46756707006874 987.993456987875 8.17704336007693 95.331870964277 0 10.8365123183249 1.3711298692401e-07
1983-11-26 00:00:00 7.5030434384387 4.73098904912979 973.105209286106 12.28908026823 93.4574787637106 0 9.77741993551216 2.8177016389501e-07
1983-11-27 00:00:00 9.52905933144012 4.14631619169906 951.489417753906 10.8320525970899 93.0165864138217 0 9.54286472643676 4.43868402589047e-07
1983-11-28 00:00:00 5.36739043061317 -2.6250725213601 970.658805845022 7.17181277309451 96.0352320469959 0 19.1132593757193 9.04353816204792e-08
1983-11-29 00:00:00 5.0974485581283 -1.54718640197778 986.353902615809 5.42275710581301 93.5837083390524 0 24.5782588348505 3.95257963892582e-08
1983-11-30 00:00:00 2.13725165634575 -3.15071800085993 997.531420545003 1.8786489753052 90.1907435425116 0 33.5792154838675 1.44462012116828e-08
1983-12-01 00:00:00 -1.95601280805963 0.0681655955543442 1010.66650152842 -1.71857747905271 81.9985709818396 0 34.239431975778 0
1983-12-02 00:00:00 -2.02900605408746 1.70748596379114 1011.06023399142 -2.01930075186521 76.6157826079245 0 44.3512377194511 0
1983-12-03 00:00:00 -1.23355411617478 1.86320042101626 1006.48596575425 -1.8756855899487 64.1605100557257 0 44.3309099341417 0
1983-12-04 00:00:00 0.328738866455426 2.2022571098253 1003.67878490227 -0.317237230698215 68.3826123476138 0 43.7168954346574 0
1983-12-05 00:00:00 1.70577313606862 2.56653849834935 999.041281186966 1.42605755058353 69.5717072367678 0 42.6808868955333 0
1983-12-06 00:00:00 3.20810648088548 -2.06818705080941 996.831605582222 3.12499162448611 91.0119724218756 0 21.6964216585719 3.50654085410239e-08
1983-12-07 00:00:00 2.68814737236968 -2.34847205646075 1002.29505583804 1.47079665094973 93.0427828338168 0 30.4324975688205 9.29609833154974e-09
1983-12-08 00:00:00 3.25163255838622 3.83427828332642 998.111550277309 1.59861194085696 92.9190125315311 0 15.2597578421775 3.20919507057509e-08
1983-12-09 00:00:00 3.98494160965058 6.79378642711563 975.523079341622 3.1152993951636 92.0290489099115 0 7.47190743653574 2.04339503117385e-07
1983-12-10 00:00:00 2.31278791324291 -1.12369251677698 974.659652631191 2.92277919966067 91.0120187423187 0 12.8839643938678 9.393623156045e-08
1983-12-11 00:00:00 1.82630957915493 -0.632507906587357 988.330211363094 -0.325079503625463 90.2779804770379 0 34.8022803727799 8.92131320885133e-09
1983-12-12 00:00:00 -2.22275619290593 2.48310482618529 990.3799591749 -2.35964686887205 85.9681839239822 0 21.3766607682722 0
1983-12-13 00:00:00 0.84857205417682 1.96930593724958 995.273953959447 -2.43855557150876 93.7458375809741 0 38.4481569244519 0
1983-12-14 00:00:00 -0.852302574654862 4.16181680454882 993.59095973025 -1.13723003498898 86.6456273503686 0 37.1235932307986 0
1983-12-15 00:00:00 -2.11525891800999 4.27161230910775 984.47027353575 0.841495147290071 67.7031812340805 0 40.7268387167059 0
1983-12-16 00:00:00 -3.00431121893761 3.10050038811081 975.328233131675 -2.39852787233274 65.9562586959305 0 19.6691031177676 8.6057590642557e-09
1983-12-17 00:00:00 -1.28748945889407 3.03322593431498 970.286905062372 2.00645868517459 76.5708531318008 0 25.7471251898333 0
1983-12-18 00:00:00 -1.56831310209134 3.55730002681576 968.137891507409 3.51383972420169 85.6543738239279 0 37.2364010224258 3.06088376203834e-08
1983-12-19 00:00:00 -0.567976016937959 5.13562829528269 961.022843110463 5.80094059434695 89.3966838079031 0 15.4318389396177 2.4779689157898e-08
1983-12-20 00:00:00 1.22999177730053 6.56768342177828 968.801312762384 6.98215221722537 88.1748000460452 0 28.0991014482789 1.45685285913333e-08
1983-12-21 00:00:00 0.95419704524658 4.68810531352373 969.191401648175 6.57176330067996 89.5405762322967 0 17.9925336671548 1.53871503959142e-08
1983-12-22 00:00:00 2.34389032691034 5.4781007395722 975.119134556575 5.89045084670657 90.3499537745129 0 20.4087954499222 1.34081090397105e-07
1983-12-23 00:00:00 5.94963721403719 3.27511515658825 978.759039408403 8.70375479130252 92.0058870327609 0 26.7499167198031 2.5080327315335e-08
1983-12-24 00:00:00 4.08098993610247 2.8547552457427 985.450318629412 10.8417393395069 88.2218024426556 0 9.69710782650419 4.71682886276443e-08
1983-12-25 00:00:00 6.84231612595633 3.35327399543994 984.006915168569 12.4014057044751 74.8446092793851 0 18.1509048253102 1.7380494108326e-07
1983-12-26 00:00:00 7.78921356233747 -0.682406867764096 988.824977845891 7.71450770017092 91.2245171371445 0 19.5160864868945 1.05654321086228e-07
1983-12-27 00:00:00 5.2883649326782 2.25854903344555 1005.41218491275 5.25819797753421 90.8973760089066 0 10.8693873514493 4.25312972877306e-08
1983-12-28 00:00:00 6.37541684897085 1.64677641549133 1003.54912176635 9.47676549507449 93.0653944482443 0 19.8676975014891 1.95190844594962e-08
1983-12-29 00:00:00 2.19368330318438 1.28546816499378 1005.87572845214 7.26890507711062 94.2383189728656 0 26.275863658173 6.03163835956169e-09
1983-12-30 00:00:00 3.57880755575627 0.714881804935446 996.470356051225 5.91813615073977 81.3766028428323 0 25.0844649196209 2.86452225088053e-09
1983-12-31 00:00:00 6.15075790075425 2.23416962081372 998.175788303397 3.65853548144534 82.0371128508429 0 29.7280409899271 0
1984-01-01 00:00:00 8.2969441242293 4.59928550237366 989.267858305597 5.71159528049686 85.0490272425467 0 23.0288454536787 2.11938725740144e-08
1984-01-02 00:00:00 6.25915419744709 4.27955539174587 985.562313176675 6.8775011442615 92.3171933045258 0 30.3658095812702 1.68566121545476e-07
1984-01-03 00:00:00 8.86413881867367 6.28670562517633 970.208354339441 5.34103691895999 85.503311496824 0 32.0057902577337 1.93245135658148e-07
1984-01-04 00:00:00 7.35421747670133 -0.308100392220759 979.267477027675 2.12706797297122 92.6197837431625 0 21.4843063544359 6.82779322835378e-08
1984-01-05 00:00:00 4.64198848814121 2.27707290281675 992.312987635078 1.32193957351199 90.2425745399637 0 39.6383303076631 4.36401344281063e-08
1984-01-06 00:00:00 4.17714116429704 1.9280737470654 988.36318591725 3.59811485831546 94.9817070266489 0 30.90514088299 3.25165925787148e-08
1984-01-07 00:00:00 5.07910850869745 3.56816277485172 976.487580075797 3.73180809902102 91.2164413513766 0 11.2850806394072 1.23544376449793e-07
1984-01-08 00:00:00 7.45635603176916 0.866747459153582 976.101264871812 1.87911440481204 90.6931222479691 0 36.7140514665361 6.02846532225068e-08
1984-01-09 00:00:00 3.03910879590846 -3.26230252013794 988.610078627728 1.44971699395022 94.2103481494571 0 34.0395747092785 1.98540318818129e-08
1984-01-10 00:00:00 2.37809375120798 1.89433305328368 998.128744262953 0.617546098763454 91.1010107726508 0 42.5351781906425 5.48458611490934e-09
1984-01-11 00:00:00 4.39176387430082 6.43459443965977 989.892246698959 3.670502328595 87.1267222527383 0 20.508774702071 1.96700992484567e-08
1984-01-12 00:00:00 4.86137462434715 3.99304760574047 977.627882272819 3.96585616296878 92.4339329248428 0 17.51949097398 9.98725908721164e-08
1984-01-13 00:00:00 7.30168857273991 6.62530853788868 975.445824246791 4.42404343640139 88.2020250432687 0 9.77433023266132 1.33538758288991e-07
1984-01-14 00:00:00 8.05836306552706 3.71660276413969 966.543574652219 5.74652749251711 86.8483000145102 0 15.7250784177482 1.77890302895069e-07
1984-01-15 00:00:00 8.46904135177261 2.89447866501637 974.909978757856 1.39973721524172 78.1878629038992 0 43.4012105722795 6.67553836461553e-08
1984-01-16 00:00:00 6.57648736192446 5.02079111572458 983.918228720853 3.04779664457522 82.6707567785171 0 51.1246358016037 1.26207895083672e-07
1984-01-17 00:00:00 9.16437296027634 3.54661998999845 975.819609861675 5.19478351595462 79.7514781370511 0 57.2118169990486 9.3432898417456e-08
1984-01-18 00:00:00 6.93833465067663 1.85520868870453 986.721202757963 1.43052305864993 75.6829067697909 0 51.9953170787658 6.26922724344398e-10
1984-01-19 00:00:00 -0.277473695568781 1.98567472572727 983.554833653369 0.318360317819849 86.5737800997806 0 55.386071145979 2.33539314736287e-10
1984-01-20 00:00:00 1.6549068390974 -1.82170355743346 988.116930949856 -0.604754363746315 93.0145915373187 0 57.2508852957177 0
1984-01-21 00:00:00 -3.68126216731892 0.501175536086919 991.715008946006 -1.98851399662717 87.2090331650543 0 59.8722958297272 0
1984-01-22 00:00:00 -4.06040422373774 3.08039933752634 975.990850940634 -1.75076324432127 82.7697676914007 0 42.2697289208805 1.47680223298281e-07
1984-01-23 00:00:00 3.11500034712711 3.99925293319903 960.460440201694 1.35133802934084 92.0130745012509 0 33.6996958405855 1.63912084500563e-07
1984-01-24 00:00:00 5.89967419160281 2.17140675396362 955.086419090938 1.17398902205203 92.4067719113434 0 23.2378337258768 9.62510353414991e-08
1984-01-25 00:00:00 4.28794079757757 -0.737361853402449 984.094245990012 -0.479174124262671 90.271151734079 0 65.4147033085057 3.58362111089828e-10
1984-01-26 00:00:00 -2.59810931292896 5.55018173959684 984.577918700569 -0.365984248027319 80.2897356733615 0 33.883126710284 7.07375259428153e-08
1984-01-27 00:00:00 -1.3567401583906 4.62100584570633 983.626492848737 3.8605443763489 87.0912817027435 0 57.1490083746986 9.33823462828178e-10
1984-01-28 00:00:00 0.908725979198513 5.08106029490448 991.423692452003 4.01462089512088 87.7806721980499 0 42.3343707153436 2.75510184983632e-08
1984-01-29 00:00:00 0.984025748211923 5.22345188710268 989.869682923556 3.68591114185916 92.2272279574445 0 24.8931311861091 1.12303577120151e-07
1984-01-30 00:00:00 2.30075767246275 4.1431189809451 986.565020339737 4.2154618921448 92.3594301582211 0 39.3021851062822 7.87474811236418e-09
1984-01-31 00:00:00 1.69470301635245 4.69992615199341 974.071861640053 3.52906656047976 89.7883172413452 0.296117376700502 30.5562298654736 7.55667532727109e-08
1984-02-01 00:00:00 0.282651677518228 3.05916976535242 975.14628324979 2.84196621299441 91.6030234047833 0.370304445074753 29.8272693137232 3.61897506986933e-08
1984-02-02 00:00:00 3.9828482120241 4.025207600083 974.337513302147 5.35191052988162 90.876771883934 0 36.3646311147713 9.8734587298762e-08
1984-02-03 00:00:00 5.89463530673782 4.02168270844216 978.986979407978 4.90380586093752 91.3202344607269 0.527453735802521 12.5256738716832 9.52161683014998e-08
1984-02-04 00:00:00 5.24363566660198 1.93882550555115 986.960055377978 4.60057446484499 89.2480690752414 0.339759982699659 40.2894989658516 2.21632873523954e-08
1984-02-05 00:00:00 5.76467250110323 2.29140636112586 987.126273739656 6.45096242357546 91.6439857924753 0.51036033966994 29.5443219370532 6.55228437511508e-08
1984-02-06 00:00:00 7.57692649151312 4.96875137511101 978.020626454728 5.69811695519045 91.6739186532776 0.586202861577893 7.73664661255925 4.53125019129184e-07
1984-02-07 00:00:00 9.84431876511143 -0.755065640149577 966.442206257516 4.38493738161013 84.8146143380383 0.488982288766648 60.0834796630104 1.72239994338399e-07
1984-02-08 00:00:00 6.13499410973772 -0.361471165426101 965.421160105009 2.83167920477785 88.9692120100766 0.646391940718485 12.2975432791385 2.20299001053289e-07
1984-02-09 00:00:00 3.25238508859399 -6.23829234733248 991.265589163913 2.65781687432253 81.3213098370016 0.568438536850594 74.2951457751782 2.83692044565476e-08
1984-02-10 00:00:00 2.75410131973759 -1.59263083835355 1009.07704257747 1.62212446252444 90.2778810619821 0.598061727424248 44.2120144058004 2.51344653115229e-08
1984-02-11 00:00:00 0.204449272793318 -3.60033072686287 1007.73234596748 4.40329288176028 93.2034414739316 0.553804599789655 34.2714914898399 1.98853855270423e-08
1984-02-12 00:00:00 -4.43256924825252 0.75458538607464 1013.45620702675 0.546291257100854 75.4963667944046 0.573233678932435 91.5143459604733 0
1984-02-13 00:00:00 -3.18017230749314 -0.272090222695746 1011.58215580723 -0.204180207600072 74.7380105256625 0.633766860615857 91.8604924223172 0
1984-02-14 00:00:00 -2.03764179734474 -0.822757548905348 1010.3182653076 -0.598548476738255 79.9867900892422 0.62773824233526 95.4272026737295 0
1984-02-15 00:00:00 -2.093855691183 -0.488343888419301 1008.57691847121 -1.11943098895261 84.134028222146 0.634231645386753 98.1273561550763 0
1984-02-16 00:00:00 -2.16418446512318 0.747472241141331 1005.5356997273 -2.03030505361081 82.3285076301593 0.653494829930079 100.882942040432 0
1984-02-17 00:00:00 -1.44680065947565 1.68763646998575 1003.03261297666 -2.04931001967893 77.9990449425314 0.659116780400052 105.392025940963 0
1984-02-18 00:00:00 -3.0753629818972 0.424482164114046 1002.33096818563 -2.0825515297302 75.6306583811578 0.669730989375482 106.197857198318 0
1984-02-19 00:00:00 -5.16109536449648 0.937245908480177 994.784003021266 -1.35490310072996 74.7420231943564 0.670152919820155 106.714763750426 0
1984-02-20 00:00:00 -2.34842790686588 2.59134454243136 988.386074819816 -0.0511048564513888 78.0628140440521 0.638180074491069 104.459589773283 0
1984-02-21 00:00:00 -1.34319778605175 5.3040883596438 987.463324539372 3.46244243252077 87.6984045193097 0.737879154940589 15.8423023742608 5.66602701812465e-08
1984-02-22 00:00:00 0.0601465164315103 2.70871629422208 987.257083813159 3.32646917093874 91.315818087579 0.68064824310177 59.2620565627749 3.27465144140974e-08
1984-02-23 00:00:00 -1.89382841447304 -0.669063504977871 991.832929458325 1.45350190350222 90.5302830321393 0.65191504070162 96.9019011952389 0
1984-02-24 00:00:00 -2.86731344859293 -3.92669417049989 998.60335619245 0.972557064676535 84.4851423428168 0.675898718032655 68.0901479198978 5.75455562924092e-09
1984-02-25 00:00:00 -5.52612701461638 -4.14953260407827 995.081053879172 0.887309194321312 78.8712733185418 0.678844962322544 64.3063198523174 7.55104492157593e-09
1984-02-26 00:00:00 -2.97476849844131 -1.9252268880176 986.9399603003 2.29497269167849 87.2121442090375 0.644027389894923 78.8665053377661 1.22485521219172e-08
1984-02-27 00:00:00 -0.801683765978604 -2.48845447652143 982.384343370572 1.73376168889529 96.2246558870313 0.759649885513474 19.8330890359462 7.78002139833088e-08
1984-02-28 00:00:00 -2.67337685324132 0.230743110928583 985.711192295753 2.16704418112307 85.9739275469018 0.727174130060437 72.7046072121604 1.00934021093775e-08
1984-02-29 00:00:00 -1.64058169985142 -0.0877696077222107 988.000616015094 0.535371838314233 83.605809531246 0.710861719479708 129.573314069505 0
