2000-11-01	00:00:00	-0.521805234332088	5.00043977149957	981.46867745625	8.13398158939051	17.0178671805225	96.196208145752	0.30506574564648
2000-11-02	00:00:00	-0.826460464944834	3.88310781009674	984.43276175	7.05431269287112	4.05958457492659	97.1873271252442	0.296246929723476
2000-11-03	00:00:00	-4.30295764642715	3.38195736890793	985.08842878125	7.55764347412112	26.4719718210027	98.2393719595486	0.248169447646929
2000-11-04	00:00:00	-2.38687995073388	4.96771303782717	985.436791	7.79900399310609	13.7463967322297	97.464245211792	0.243261526338411
2000-11-05	00:00:00	-2.29972436380386	4.27199804742813	990.84361721875	7.2829871516509	11.3254231949374	98.2316858093262	0.151089302289013
2000-11-06	00:00:00	-4.43039431827136	2.1988516411972	992.11155290625	6.84339197265627	1.4317872287943	97.5347045532227	0.162811589338506
2000-11-07	00:00:00	-6.71255910336427	-1.6551601067098	987.33810813125	7.02190553370714	30.5661295084655	97.1806666720634	0.185077105436289
2000-11-08	00:00:00	-2.49016440383911	2.42586656047821	983.53970041875	7.27628768310549	23.2201501890868	98.5612180792236	0.152499805887651
2000-11-09	00:00:00	-2.29972436380386	3.38195736890793	987.33810813125	7.27628768310549	2.15852860974613	97.6691119537353	0.16593654027768
2000-11-10	00:00:00	0.426367569992545	3.04358873971939	991.888462375	6.7452542871094	1.00713656070167	97.5039024206543	0.162811589338506
2000-11-11	00:00:00	0.426367569992545	5.03328863586425	993.2431995125	7.55764347412112	4.14749366335384	96.4349896789551	0.163001387811488
2000-11-12	00:00:00	-0.0578458622145685	4.29614318471908	993.2431995125	7.79895868652346	8.44756818870082	97.6292625	0.151089302289013
2000-11-13	00:00:00	0.0545942006641613	5.61748093783431	990.84528115	7.80108643310549	16.096363760026	98.4199057501221	0.185089858445474
2000-11-14	00:00:00	0.611693172255936	3.39578639863967	989.24658154375	6.4367053051758	0	97.2353706689453	0.217650154243746
2000-11-15	00:00:00	-0.184168449311624	0.0661990996611086	993.870759385277	4.60646320556643	0	97.2353706689453	0.156993687114745
2000-11-16	00:00:00	-1.62664332014084	1.12487422522068	1000.6709311875	4.30304631103518	0	94.2969370956343	0.113613257308355
2000-11-17	00:00:00	-2.37980450052261	2.1988516411972	1015.5413738375	4.76060110351565	1.27560478099749	93.7255244354248	0.12156770445539
2000-11-18	00:00:00	-4.3877947618103	2.53776061199188	995.8660491125	5.53300043157108	29.588933420375	95.8842560455322	0.142165402813652
2000-11-19	00:00:00	1.26814187416553	2.42586656047821	992.11155290625	2.96117377929689	0	95.9104179441433	0.163001387811488
2000-11-20	00:00:00	-2.46121580013446	2.02635867733002	994.07350466875	4.76852644042971	3.87954576520342	96.4349896789551	0.17873796432442
2000-11-21	00:00:00	-4.2719829391861	2.9623336164093	992.11155290625	6.28219607910159	6.72391351013257	98.3543748364258	0.131774310148618
2000-11-22	00:00:00	-4.17405676149368	1.98757138376236	984.68067315	5.9562667504883	20.8789748984054	98.5612180792236	0.13155703250586
2000-11-23	00:00:00	-4.2719829391861	3.13697784276962	982.743118400834	6.4367053051758	29.3065577087849	98.2316858093262	0.0957623226603766
2000-11-24	00:00:00	-0.734976287012096	1.64510582709789	984.43276175	5.85175620605471	7.46864615800046	98.5612180792236	0.14497956116394
2000-11-25	00:00:00	-0.734383645477626	-2.56862729843139	990.71467908125	3.78915152832033	3.73741292813792	96.7028095556641	0.123452929299087
2000-11-26	00:00:00	-0.226828435268406	-2.64216277030945	995.12875816875	-1.61043073486326	0	91.8260082070112	0.0830763616909999
2000-11-27	00:00:00	-0.921717656407354	0.943545264482499	1010.40881478004	-2.92437181884764	0	86.0304083746338	0.0712520078341847
2000-11-28	00:00:00	-0.792056288971903	0.820139103097915	1015.55466280551	-2.18003141601561	0	91.7059236865234	0.0790833397229088
2000-11-29	00:00:00	-0.226828435268406	-2.14727248361587	1015.89708368125	-2.16411662353514	0	86.1159585601807	0.0794839821723721
2000-11-30	00:00:00	-2.21043026097468	-0.0247673841190369	1018.5926300625	-2.77414021484373	0	93.8743166943359	0.0684777523406375
2000-12-01	00:00:00	-0.95101677799225	1.24441148468017	1018.11561762044	-1.5018702416992	0	94.445278001709	0.073143328451748
2000-12-02	00:00:00	0.426367569992545	3.39578639863967	1010.52193876875	4.30304631103518	5.54229448998067	96.7028095556641	0.142165402813652
2000-12-03	00:00:00	0.842590185160638	2.06401661820411	995.72975118125	4.49448080078127	0	97.3738717279053	0.111388496366329
2000-12-04	00:00:00	1.70430850854873	2.01444383069992	991.57183494375	6.04888041503908	0	93.3369232006836	0.135977501464711
2000-12-05	00:00:00	0.472390652375223	-2.56862729843139	1015.701715675	1.43055350097658	0	75.9276994848633	0.111388496366329
2000-12-06	00:00:00	0.493460735015868	-0.350801863811017	1007.12832165947	2.07763533447268	1.69535477683491	88.5570974138933	0.0819165990918674
2000-12-07	00:00:00	-0.356594171916841	-2.01855901706695	1017.23803146875	-3.0910749291992	0	92.1450070123291	0.0794839821723721
2000-12-08	00:00:00	-2.21442456921577	-1.63363378739357	1015.694857225	-3.95654602783201	0	84.0493758892822	0.0615970792626709
2000-12-09	00:00:00	-1.18124810848236	-2.54149722947977	1018.09691379375	-5.33919029296873	0	81.0452961462402	0.0577953268621785
2000-12-10	00:00:00	0.840973647232054	2.42699377555847	1015.701715675	-0.927205556640603	0	77.5966979187012	0.0807994146826293
2000-12-11	00:00:00	0.868947935345172	1.60648810516357	1010.52193876875	-0.0473175683593543	0	89.1455175891113	0.0794839821723721
2000-12-12	00:00:00	0.873075887616119	2.90375074113846	996.5393681375	4.2183372973633	0	95.4916000109863	0.1189224667674
2000-12-13	00:00:00	-0.826460464944834	-1.82332118211211	996.40182155625	-0.0473175683593543	0	88.7549510394287	0.111496133478848
2000-12-14	00:00:00	0.342379607529643	2.91947055927581	1010.52193876875	2.07763533447268	3.27244132672063	79.9373078894043	0.131061754759046
2000-12-15	00:00:00	2.95118083114601	3.00237634349823	990.71467908125	6.4367053051758	11.3254231949374	95.9151499084473	0.13445280570208
2000-12-16	00:00:00	-0.713847727141383	1.64510582709789	991.3143442375	4.60646320556643	23.9248162721917	97.1309720424997	0.0990338854723199
2000-12-17	00:00:00	0.472390652375223	-3.89784576845169	997.9214894	-1.61043073486326	0	84.3578513037109	0.0807994146826293
2000-12-18	00:00:00	-2.21442456921577	2.42699377555847	998.059777325	-0.341951823730452	12.6625699294098	88.7549510394287	0.0811138769357943
2000-12-19	00:00:00	-2.29395789938926	2.53776061199188	989.24658154375	2.07763533447268	17.0178671805225	97.1873271252442	0.089880851528861
2000-12-20	00:00:00	-0.356594171916841	-1.81892004197121	984.46883466875	-3.1713328588867	2.02562229991156	94.8448018023682	0.0805394928670433
2000-12-21	00:00:00	-4.27087998228333	1.74029503783226	981.46867745625	1.29233235351564	23.2201501890868	94.8933535193659	0.0807994146826293
2000-12-22	00:00:00	-2.45795880708694	1.82484401211738	987.0805922312	-2.90143552490232	1.72156822435124	95.6415337133789	0.0808144376035871
2000-12-23	00:00:00	-2.86238578104019	1.50884847634315	985.08842878125	-2.90589629532379	10.4706829675846	94.8448018023682	0.0712520078341847
2000-12-24	00:00:00	-0.856836352888694	3.13697784276962	975.2559225875	5.5071755786133	21.9354313148819	97.5347045532227	0.122079127262955
2000-12-25	00:00:00	2.18615517215729	2.01444383069992	969.903260137106	5.79853247314455	1.44462488923424	90.4154813812256	0.0990338854723199
2000-12-26	00:00:00	1.14411991520882	-3.89784576845169	994.07350466875	-1.66047331054686	0	91.6086977661133	0.104483411625033
2000-12-27	00:00:00	-0.0927504467308433	4.05489998857498	996.5393681375	4.47020749511721	7.46864615800046	96.3321453778076	0.135977501464711
2000-12-28	00:00:00	1.17155221225509	-0.797749945616722	995.519027291455	4.2183372973633	0	93.744406784668	0.137498207924489
2000-12-29	00:00:00	0.472390652375223	3.87796895196807	996.44328930625	4.13699157045004	1.0024968718491	97.2353706689453	0.106730879290739
2000-12-30	00:00:00	-1.3436266724205	4.99899347755432	992.669362775	5.79853247314455	15.6773478887044	97.6581456604004	0.0830763616909999
2000-12-31	00:00:00	-4.17405676149368	3.39578639863967	988.54548881875	4.76852644042971	23.2189142760623	98.6595713922119	0.104483411625033
2001-01-01	00:00:00	-2.86238578104019	-1.34332884500504	995.706279307377	0.464585810546896	1.16842435397553	96.5421175579834	0.126644994844238
2001-01-02	00:00:00	-1.62664332014084	-3.72445390419006	1010.39170523125	-5.95703828369139	0	94.9815502837384	0.0608756514507852
2001-01-03	00:00:00	-2.37980450052261	-0.877224570817945	1015.701715675	-6.00948395751951	1.4434905220905	92.1450070123291	0.0555025211985849
2001-01-04	00:00:00	-4.28067613087638	3.16197690306805	995.8660491125	1.63464635253908	12.6625699294098	96.196208145752	0.0906428159965229
2001-01-05	00:00:00	-3.86082831397007	1.38374100107669	991.835664870605	-0.341951823730452	6.35080528786405	96.196208145752	0.0775707630594781
2001-01-06	00:00:00	-0.713847727141383	0.553206103904841	993.2431995125	-3.95654602783201	1.02123574483488	95.261265423584	0.0711344655181631
2001-01-07	00:00:00	-1.62664332014084	3.89964384981644	984.7819771875	5.61054029296877	20.8789748984054	97.1025140887451	0.145866982698944
2001-01-08	00:00:00	2.01214275049663	1.60648810516357	984.062180378978	5.64544255371096	0	90.4154813812256	0.130738389225497
2001-01-09	00:00:00	-2.23517393603325	3.64916450544357	984.849151776042	5.09753688476565	19.361886787891	97.464245211792	0.152013117369726
2001-01-10	00:00:00	-1.14416416019547	4.79158921253204	975.2559225875	5.85175620605471	18.221848182857	97.6581456604004	0.0944731847908811
2001-01-11	00:00:00	0.216760443464365	-1.09613913193703	978.7113504	4.48008094436136	0	97.4987206754756	0.135977501464711
2001-01-12	00:00:00	-0.713847727141383	1.38374100107669	989.24658154375	1.75050695204347	1.23645411992725	95.7043691156006	0.117496186295353
2001-01-13	00:00:00	0.232779650666414	-0.0247673841190369	990.71467908125	1.69753824951174	0	94.1271802276611	0.1189224667674
2001-01-14	00:00:00	-2.86238578104019	2.69676450870514	995.54700190625	3.05759789594353	16.1118090131544	97.0470741196757	0.130931427061999
2001-01-15	00:00:00	-0.734976287012096	2.1988516411972	995.51157228125	3.78915152832033	6.35080528786405	95.8842560455322	0.142165402813652
2001-01-16	00:00:00	0.558838380959924	2.25902212288856	990.84528115	4.82923387695315	1.03022472009781	97.5039024206543	0.130738389225497
2001-01-17	00:00:00	-0.122024685935976	-2.3717533080864	992.11155290625	3.63171962646487	1.4317872287943	94.1271802276611	0.156993687114745
2001-01-18	00:00:00	0.746395620782374	-2.1879357038958	997.9214894	-3.51117763183592	0	90.8236692584229	0.085203607087565
2001-01-19	00:00:00	0.926083613224	1.0456921033001	996.44328930625	-3.0910749291992	0	85.3729144347072	0.0819165990918674
2001-01-20	00:00:00	0.721175781368593	-0.877224570817945	992.95136413125	-3.0910749291992	0	86.861668484028	0.0919005759442728
2001-01-21	00:00:00	-3.24182003335953	0.820883825757501	993.2431995125	-2.16411662353514	1.6322969266262	92.0086730609131	0.0908743864135736
2001-01-22	00:00:00	-2.30730664943827	0.553206103904841	990.23158513125	-1.53796325927732	1.17987047036737	95.381861852417	0.0872627590427875
2001-01-23	00:00:00	-0.800161547651289	2.00433835506456	989.864091329871	-0.341951823730452	1.23641463650122	92.4975634167481	0.131774310148618
2001-01-24	00:00:00	-0.800161547651289	2.42699377555847	982.14773475	4.49448080078127	18.5146362729929	97.2353706689453	0.142165402813652
2001-01-25	00:00:00	1.14663654825362	2.8996027268655	982.7710254125	4.60646320556643	16.1118090131544	96.196208145752	0.223096476048831
2001-01-26	00:00:00	1.20233248206138	4.50050354448318	966.4430251625	6.28219607910159	1.82164596571285	97.5039024206543	0.162811589338506
2001-01-27	00:00:00	2.25339449228287	2.53776061199188	969.79307490625	5.67843239257815	1.22283921819416	83.3496139178467	0.16593654027768
2001-01-28	00:00:00	1.5825013584137	-1.7917415777111	978.238897175	3.5968791407009	0	81.4564134582519	0.206642009321992
2001-01-29	00:00:00	1.21764925231457	-0.877224570817945	984.642252751457	-2.18003141601561	0	78.3493004321098	0.142165402813652
2001-01-30	00:00:00	-4.30659914761445	-1.84749368584633	978.238897175	-5.54697761474608	12.2765826677643	83.3813994995117	0.073143328451748
2001-01-31	00:00:00	-2.86238578104019	-1.65275497565269	969.79307490625	-2.90143552490232	18.221848182857	91.772476408791	0.0944731847908811
