2000-11-01	00:00:00	-0.336775037041131	4.99795142914597	979.60094840625	7.80108643310549	21.9354313148819	92.4975634167481	0.30506574564648
2000-11-02	00:00:00	-0.92444109192475	4.27199804742813	983.71146001875	7.05431269287112	12.2765826677643	97.6684207580567	0.259893029457909
2000-11-03	00:00:00	-3.43635895505905	3.88310781009674	984.46883466875	7.43650413202934	29.5703758388518	97.6292625	0.289382967113479
2000-11-04	00:00:00	-0.521805234332088	4.27199804742813	986.17667955	7.55764347412112	8.69014389349277	97.5039024206543	0.214646136971184
2000-11-05	00:00:00	-2.5417789701271	3.86745717758178	992.11155290625	7.25825395628186	10.7978785728123	97.8543331713867	0.185077105436289
2000-11-06	00:00:00	-4.30295764642715	2.1988516411972	993.65728110625	6.7452542871094	2.72676214641938	97.6477210040283	0.183258366208124
2000-11-07	00:00:00	-6.71388965133666	0.986326709110864	989.16647338125	7.38179048339846	30.5661295084655	98.3543748364258	0.248169447646929
2000-11-08	00:00:00	-4.22590064533233	1.61913252429962	987.465706425	8.13680300537112	30.5661295084655	98.7154229193115	0.137498207924489
2000-11-09	00:00:00	-2.45795880708694	2.58235620897293	989.24658154375	8.13680300537112	26.4719718210027	98.7154229193115	0.154580572374507
2000-11-10	00:00:00	-2.86238578104019	3.00237634349823	994.51402641282	7.43100390869143	6.54157838069089	98.3543748364258	0.154580572374507
2000-11-11	00:00:00	-2.23517393603325	3.04358873971939	995.8660491125	7.05431269287112	3.73741292813792	98.2175443144159	0.176808364126672
2000-11-12	00:00:00	-3.91317880031586	2.42699377555847	995.7003208625	6.72834274414065	1.5953035339436	98.4199057501221	0.162811589338506
2000-11-13	00:00:00	-4.3877947618103	-1.7917415777111	988.30615593125	6.4367053051758	3.40391671405546	97.5039024206543	0.12156770445539
2000-11-14	00:00:00	-0.904454584674833	-2.3717533080864	984.8221444	4.86054164306643	1.17459130427284	95.6415337133789	0.206642009321992
2000-11-15	00:00:00	0.793063066225054	1.64510582709789	988.06688663125	4.26912859080686	5.12367153608613	83.6839150769043	0.145866982698944
2000-11-16	00:00:00	0.746436161976924	0.820139103097915	988.30615593125	1.76856018066408	0	79.9373078894043	0.138613714375858
2000-11-17	00:00:00	-0.180737342447043	1.02010836130142	992.95136413125	0.464925071240192	0	79.4567586749267	0.106022520395208
2000-11-18	00:00:00	-1.3135876063633	1.50884847634315	991.27642610625	1.4858005786133	1.17987047036737	75.100847880249	0.106022520395208
2000-11-19	00:00:00	-0.521805234332088	-1.73352170722962	988.54548881875	1.43055350097658	1.23645411992725	75.100847880249	0.11340516217102
2000-11-20	00:00:00	1.5825013584137	1.61913252429962	993.9142955125	1.4858005786133	0	75.900743293672	0.111388496366329
2000-11-21	00:00:00	1.26814187416553	-1.84749368584633	996.44328930625	1.6792715960954	0	81.4564134582519	0.1189224667674
2000-11-22	00:00:00	-0.180737342447043	1.16047075839043	1006.586022575	1.29233235351564	0	84.0493758892822	0.0992296620999851
2000-11-23	00:00:00	-4.30295764642715	3.00237634349823	991.57183494375	4.57286011718752	29.3123619968503	97.0936522894287	0.126644994844238
2000-11-24	00:00:00	-4.41619227737427	-1.81892004197121	979.5352917475	2.99767276929116	18.5146362729929	94.445278001709	0.135919751631282
2000-11-25	00:00:00	-4.2719829391861	-3.89784576845169	984.8221444	-4.02270354736326	0.977130989517547	86.0304083746338	0.0747876055029638
2000-11-26	00:00:00	-2.24104578681946	-4.43277498754501	993.2431995125	-8.79984117187499	0	86.1159585601807	0.0513330789126641
2000-11-27	00:00:00	-0.155016258905529	-4.43277498754501	995.7003208625	-7.43330916015624	0	85.2760146826172	0.0513330789126641
2000-11-28	00:00:00	-0.95101677799225	-2.64216277030945	996.44328930625	-5.25479296867354	0	95.2526924812672	0.0712212480232291
2000-11-29	00:00:00	0.747658009319307	2.03652704680514	995.72975118125	-5.29349504150389	1.00343287972229	91.8198730969238	0.0663159117342576
2000-11-30	00:00:00	-4.17405676149368	2.53793341165369	987.33810813125	-1.53796325927732	1.18051827795931	93.8743166943359	0.0805394928670433
2000-12-01	00:00:00	-4.41619227737427	1.13594091955662	978.7113504	1.4858005786133	9.24261495468021	95.2822183618164	0.0712212480232291
2000-12-02	00:00:00	-4.22590064533233	-1.73352170722962	976.75451766875	1.69753824951174	13.6502651522644	95.6415337133789	0.073318237158777
2000-12-03	00:00:00	-2.37980450052261	-1.86475615595144	978.238897175	0.464585810546896	6.72391351013257	95.1725455718994	0.0794839821723721
2000-12-04	00:00:00	-0.180737342447043	0.820139103097915	985.436791	-5.54697761474608	0	92.4319417388916	0.0676656267526722
2000-12-05	00:00:00	-0.800161547651289	-1.09613913193703	990.71467908125	-7.46039360595702	0	92.1450070123291	0.0538130450069126
2000-12-06	00:00:00	-1.94861666150093	0.0398909387612311	988.30615593125	-6.40091562744139	1.55828446398536	90.3518403325236	0.0538130450069126
2000-12-07	00:00:00	-0.904454584674833	-1.07651644329888	992.31595054375	-6.40091562744139	1.03512725190839	89.9786367730713	0.055077835836362
2000-12-08	00:00:00	-0.94288419637008	-1.21505444594383	995.72975118125	-12.4371696191406	0	86.2164764443562	0.0300015905437713
2000-12-09	00:00:00	-2.29875937009735	0.820139103097915	997.92570585625	-7.46039360595702	1.52823554725763	84.3578513037109	0.0411316085735335
2000-12-10	00:00:00	-3.43635895505905	1.13594091955662	1006.586022575	-1.55816875914098	5.34703416033561	94.9600945983887	0.0747876055029638
2000-12-11	00:00:00	-2.90117184373855	-0.797749945616722	1010.39170523125	0.464585810546896	4.38573486322537	97.1379714654541	0.0637241691131051
2000-12-12	00:00:00	-2.24104578681946	-1.81892004197121	1005.47321466875	-2.18003141601561	2.36480370378946	95.381861852417	0.0732083023623782
2000-12-13	00:00:00	-3.24182003335953	-1.09613913193703	1006.586022575	-3.1713328588867	10.4661971566607	94.8448018023682	0.0712212480232291
2000-12-14	00:00:00	-4.09778311225891	1.02010836130142	1010.39170523125	1.69753824951174	17.0178671805225	97.1025140887451	0.073143328451748
2000-12-15	00:00:00	-3.43635895505905	2.21006386598587	1017.23803146875	-0.341951823730452	1.17987047036737	96.4659721063232	0.0637241691131051
2000-12-16	00:00:00	-0.95101677799225	3.67022877006531	1018.71751438125	3.78915152832033	1.17987047036737	96.4349896789551	0.0919005759442728
2000-12-17	00:00:00	-0.826460464944834	3.48976571596146	1020.72147184375	4.76060110351565	1.71761310531918	97.0936522894287	0.0770304617891683
2000-12-18	00:00:00	-3.36323332540512	2.20894513448735	1020.72147184375	1.46372985091574	1.17987047036737	97.1873271252442	0.0775707630594781
2000-12-19	00:00:00	-3.85566753070831	0.820697354409561	1018.71751438125	4.02803484375002	19.3168069809191	97.2353706689453	0.0830558951061136
2000-12-20	00:00:00	-1.62664332014084	2.1988516411972	1016.1704299375	4.48222603977037	7.20881647740863	98.3543748364258	0.0712212480232291
2000-12-21	00:00:00	-0.793531694332187	1.20236411341667	1003.54936716419	1.63464635253908	12.6625699294098	97.6581456604004	0.0888916254834779
2000-12-22	00:00:00	0.108814613780975	-2.64216277030945	1003.976192125	-5.33919029296873	0	95.7384343353272	0.0603146096992482
2000-12-23	00:00:00	0.31864878422022	1.60648810516357	993.9142955125	-5.58513269253549	0.933680679665231	85.9091766661239	0.0567664091416206
2000-12-24	00:00:00	-0.792056288971903	-2.56862729843139	984.90502974375	-6.00948395751951	1.17987047036737	90.8236692584229	0.0577953268621785
2000-12-25	00:00:00	-2.29395789938926	-2.7467751200676	986.17667955	-1.53796325927732	2.79935348794469	91.6086977661133	0.0619322773625542
2000-12-26	00:00:00	-2.23517393603325	-2.7467751200676	990.84361721875	-4.93521853271483	1.23645411992725	91.5302428387521	0.0676656267526722
2000-12-27	00:00:00	-0.904992011758142	-2.1900416746521	995.724851816166	-7.96079660400389	0	91.7059236865234	0.0529230921413336
2000-12-28	00:00:00	-0.122024685935976	-2.01855901706695	1006.586022575	-12.4371696191406	0	85.2760146826172	0.0411316085735335
2000-12-29	00:00:00	0.493460735015868	0.820883825757501	1015.5413738375	-9.54455642250055	0	83.6839150769043	0.043123941784138
2000-12-30	00:00:00	1.70430850854873	3.6083980622673	994.4216767875	1.43055350097658	1.59924169137619	93.5407176019287	0.11340516217102
2000-12-31	00:00:00	1.20355477549145	-3.72445390419006	989.24658154375	1.63464635253908	0	83.3813994995117	0.0994437177317958
2001-01-01	00:00:00	1.14411991520882	0.943545264482499	992.669362775	-1.57528124296484	0	89.9786367730713	0.106730879290739
2001-01-02	00:00:00	2.95149724649429	1.12487422522068	978.7113504	3.63171962646487	0	81.6707718914795	0.0957623226603766
2001-01-03	00:00:00	0.928097725782396	0.206918361194729	978.7113504	1.461791957771	5.34751583094522	88.8433017785645	0.0807994146826293
2001-01-04	00:00:00	0.749199605049411	-1.84749368584633	982.180329532581	-2.90143552490232	0	95.261265423584	0.0775707630594781
2001-01-05	00:00:00	2.18467851311683	-4.02079830638885	990.84361721875	-2.90143552490232	0	83.3496139178467	0.0712520078341847
2001-01-06	00:00:00	0.840973647232054	-0.350801863811017	993.65728110625	-5.54697761474608	0.939686228930787	90.4154813812256	0.0577953268621785
2001-01-07	00:00:00	-2.49016440383911	1.50884847634315	992.950002734538	-3.51117763183592	1.14010848609185	91.8198730969238	0.0678441721977885
2001-01-08	00:00:00	-0.800161547651289	1.8274312335579	995.51157228125	-2.77414021484373	1.54154486998168	86.2367902294922	0.0845235795668575
2001-01-09	00:00:00	1.06534266938925	3.48976571596146	993.65728110625	4.60646320556643	0	96.547053737793	0.13155703250586
2001-01-10	00:00:00	0.232779650666414	4.05215857014474	990.23158513125	5.83875418457033	1.45557801107225	98.1223441131592	0.0908743864135736
2001-01-11	00:00:00	0.842590185160638	4.05489998857498	984.8221444	6.04888041503908	1.34236049968164	96.5421175579834	0.122171303625304
2001-01-12	00:00:00	0.868947935345172	4.05489998857498	986.17667955	5.83875418457033	16.1118090131544	97.5322793066446	0.122171303625304
2001-01-13	00:00:00	0.288699183736742	4.29293064719367	989.16647338125	6.28219607910159	7.43113297981023	98.2164019195557	0.089880851528861
2001-01-14	00:00:00	-0.713847727141383	3.87896860240936	984.43276175	5.79853247314455	12.2765826677643	97.6691119537353	0.126644994844238
2001-01-15	00:00:00	0.232779650666414	3.65186460848542	966.4430251625	4.82923387695315	26.4719718210027	95.7043691156006	0.131061754759046
2001-01-16	00:00:00	1.78208778353691	3.6083980622673	966.447910912924	1.63464635253908	0	86.9923285748291	0.104911451566274
2001-01-17	00:00:00	0.589505960068696	3.13697784276962	978.7113504	-2.16411662353514	0.906097610653875	92.4975634167481	0.11340516217102
2001-01-18	00:00:00	-3.24182003335953	-1.74280437745009	984.7819771875	-3.95654602783201	8.68778013859503	94.445278001709	0.0802340130050462
2001-01-19	00:00:00	-2.49016440383911	2.42586656047821	995.72975118125	1.4858005786133	1.55828446398536	95.2822183618164	0.163507576284616
2001-01-20	00:00:00	0.317579578389583	3.00237634349823	995.83661091182	4.76060110351565	1.57790264303767	97.464245211792	0.152013117369726
2001-01-21	00:00:00	1.5825013584137	3.87896860240936	994.821568425	6.28219607910159	1.445197079424	96.0875474261475	0.214646136971184
2001-01-22	00:00:00	2.18615517215729	3.13697784276962	994.821568425	5.83875418457033	0	86.9923285748291	0.217650154243746
2001-01-23	00:00:00	1.16796451781272	3.86745717758178	997.907872755306	5.09753688476565	1.31948974574814	94.1271802276611	0.185180543853271
2001-01-24	00:00:00	1.41312235294924	2.06401661820411	995.261115776659	3.82896644259171	0	93.8743166943359	0.22303769377272
2001-01-25	00:00:00	1.21764925231457	-1.65614704224587	1014.63897533125	-1.53796325927732	0	83.3496139178467	0.13445280570208
2001-01-26	00:00:00	0.759002047462466	-0.797749945616722	1021.65131634375	-2.77414021484373	0	88.7549510394287	0.122099945131819
2001-01-27	00:00:00	1.16796451781272	2.06401661820411	1020.72147184375	0.552953359092281	1.57379976952618	86.1587590874608	0.156993687114745
2001-01-28	00:00:00	0.493460735015868	0.430101823322767	1016.1704299375	2.07763533447268	0	94.1271802276611	0.183258366208124
2001-01-29	00:00:00	0.558838380959924	0.374217622155167	1017.9988254085	1.29233235351564	0	95.381861852417	0.176808364126672
2001-01-30	00:00:00	1.05315638820987	0.0398909387612311	1005.47321466875	3.01090037841799	0	91.8198730969238	0.248169447646929
2001-01-31	00:00:00	0.680136172844315	-1.73352170722962	1015.694857225	-1.5018702416992	0	88.7549510394287	0.185089858445474
