2000-11-01	00:00:00	-0.792056288971903	5.296624751091	979.60094840625	8.13680300537112	19.3168069809191	95.9151499084473	0.30506574564648
2000-11-02	00:00:00	-2.21442456921577	4.50050354448318	983.53970041875	7.43100390869143	20.8789748984054	97.6691119537353	0.206642009321992
2000-11-03	00:00:00	-2.86238578104019	5.61826192211151	982.7710254125	7.55764347412112	29.588933420375	97.1873271252442	0.206642009321992
2000-11-04	00:00:00	-0.463054297499658	3.86745717758178	991.3143442375	6.9858957348633	1.29856663647693	96.5421175579834	0.30506574564648
2000-11-05	00:00:00	-2.77335211942673	1.24441148468017	993.2431995125	6.29376840820315	1.17987047036737	97.2873822490873	0.30506574564648
2000-11-06	00:00:00	-1.62664332014084	2.25902212288856	988.6425635875	5.9562667504883	1.5953035339436	97.0445067541504	0.217926099317756
2000-11-07	00:00:00	-4.17405676149368	-1.81892004197121	988.06688663125	5.9562667504883	1.56314622410433	97.3738717279053	0.183258366208124
2000-11-08	00:00:00	-2.24104578681946	-2.64216277030945	984.0631811875	5.79853247314455	17.0178671805225	95.7043691156006	0.138613714375858
2000-11-09	00:00:00	0.123071786538364	1.60648810516357	987.86115516907	4.57286011718752	0	93.3369232006836	0.214646136971184
2000-11-10	00:00:00	0.268302915391923	-0.0349526974550342	992.3196854375	1.96998392835779	0	93.751334239239	0.142165402813652
2000-11-11	00:00:00	0.108814613780975	4.79158921253204	992.31595054375	6.4864917948631	13.7463967322297	93.7255244354248	0.30506574564648
2000-11-12	00:00:00	0.333470442834987	5.61826192211151	984.8221444	7.05431269287112	26.8385106485523	97.6691119537353	0.206642009321992
2000-11-13	00:00:00	0.123071786538364	2.58235620897293	982.14773475	5.79853247314455	1.48655228096782	97.6292625	0.223096476048831
2000-11-14	00:00:00	0.426367569992545	1.74029503783226	976.54633165	4.02803484375002	0	97.1379714654541	0.162811589338506
2000-11-15	00:00:00	-0.463054297499658	0.553206103904841	979.60094840625	3.01090037841799	0	94.9600945983887	0.130738389225497
2000-11-16	00:00:00	-2.37980450052261	-1.21505444594383	984.46883466875	2.96117377929689	0	92.4319417388916	0.135977501464711
2000-11-17	00:00:00	-2.77335211942673	-2.1900416746521	986.17667955	3.89343930908205	0	83.3813994995117	0.106022520395208
2000-11-18	00:00:00	-0.713847727141383	-1.21505444594383	991.888462375	2.54820364746096	0	81.6707718914795	0.122079127262955
2000-11-19	00:00:00	-3.32618746932983	1.64510582709789	992.3196854375	4.02803484375002	2.20661471020756	83.3813994995117	0.126586176773976
2000-11-20	00:00:00	-4.30295764642715	-2.14766685887526	992.3196854375	4.2986766333008	13.7463967322297	91.6086977661133	0.0992296620999851
2000-11-21	00:00:00	-3.32618746932983	0.553206103904841	994.4216767875	5.72887246337893	13.6502651522644	98.2164019195557	0.1189224667674
2000-11-22	00:00:00	-1.62664332014084	-1.73352170722962	992.95136413125	5.06355482910158	3.87954576520342	98.5612180792236	0.130738389225497
2000-11-23	00:00:00	-0.0578458622145685	-1.73352170722962	991.57183494375	1.63464635253908	0	96.5421175579834	0.117496186295353
2000-11-24	00:00:00	-1.43420744709015	0.669295615885256	991.888462375	1.76856018066408	1.32363153240654	94.1271802276611	0.0960210285686456
2000-11-25	00:00:00	-2.24104578681946	-1.09613913193703	992.95136413125	1.63464635253908	1.354875168958	96.4659721063232	0.104483411625033
2000-11-26	00:00:00	0.0545942006641613	-1.24837447824478	991.27642610625	-0.927205556640603	0.974863403435875	91.8468222155762	0.073143328451748
2000-11-27	00:00:00	-0.226828435268406	-2.04144608219147	992.8987805625	-1.61043073486326	0	89.9786367730713	0.0807994146826293
2000-11-28	00:00:00	0.288699183736742	-4.43277498754501	995.7003208625	-2.16411662353514	0	92.4319417388916	0.085203607087565
2000-11-29	00:00:00	-0.356594171916841	2.02635867733002	994.4216767875	-2.02244619425097	1.23645411992725	86.0304083746338	0.115339684926294
2000-11-30	00:00:00	-4.3877947618103	3.86745717758178	982.5418573625	4.49448080078127	30.5661295084655	95.7384343353272	0.0754637251612561
2000-12-01	00:00:00	-3.91317880031586	0.943545264482499	984.46883466875	4.2986766333008	12.6625699294098	97.1596281604004	0.089880851528861
2000-12-02	00:00:00	-0.933918732500074	-2.7467751200676	991.3143442375	-5.95703828369139	0	95.6630801026716	0.0872627590427875
2000-12-03	00:00:00	0.268302915391923	-2.64216277030945	994.4216767875	-7.46039360595702	0	92.1450070123291	0.0549955111688674
2000-12-04	00:00:00	-0.800161547651289	0.206918361194729	996.5393681375	-7.95123123142358	1.14169637468696	89.2061637077958	0.043123941784138
2000-12-05	00:00:00	-0.356594171916841	-0.0247673841190369	1014.63897533125	-5.54442112304686	0	91.8468222155762	0.0567664091416206
2000-12-06	00:00:00	-0.35089544422744	-1.81892004197121	1017.23803146875	-6.40091562744139	0	92.1450070123291	0.055077835836362
2000-12-07	00:00:00	-0.826460464944834	-2.04144608219147	1018.5926300625	-7.43330916015624	0	93.5407176019287	0.055077835836362
2000-12-08	00:00:00	0.747569974046655	-2.04144608219147	1018.09691379375	-5.29885768666673	0	92.1450070123291	0.0615970792626709
2000-12-09	00:00:00	-0.122024685935976	0.820139103097915	1015.694857225	-5.29349504150389	0	91.8468222155762	0.0637241691131051
2000-12-10	00:00:00	-0.122024685935976	4.05489998857498	997.7062225125	4.86054164306643	1.4317872287943	92.1450070123291	0.126586176773976
2000-12-11	00:00:00	-2.29395789938926	5.40150346698761	992.318849468637	5.67843239257815	26.4719718210027	96.547053737793	0.0747876055029638
2000-12-12	00:00:00	-3.36323332540512	2.9623336164093	990.84361721875	5.38677809326174	15.6773478887044	98.3543748364258	0.073318237158777
2000-12-13	00:00:00	-3.24182003335953	3.24278155038834	995.12875816875	5.09753688476565	3.08448114245122	97.6684207580567	0.0712212480232291
2000-12-14	00:00:00	-3.36323332540512	3.88310781009674	992.3196854375	5.64544255371096	17.0178671805225	97.0445067541504	0.0754637251612561
2000-12-15	00:00:00	-3.24182003335953	2.69676450870514	988.54548881875	5.06355482910158	4.37432104186155	98.1223441131592	0.0754637251612561
2000-12-16	00:00:00	-2.29395789938926	0.988602205008258	986.163362532628	4.02803484375002	2.79935348794469	97.6691119537353	0.0908743864135736
2000-12-17	00:00:00	-0.59260923676873	-1.21505444594383	988.06688663125	-3.0910749291992	1.05068508173203	95.8842560455322	0.0712520078341847
2000-12-18	00:00:00	-2.90117184373855	1.50884847634315	990.742585890663	-3.51117763183592	2.1977663288981	94.909179973359	0.0603146096992482
2000-12-19	00:00:00	-2.37980450052261	1.60648810516357	992.31595054375	-2.90143552490232	1.65283119046106	95.381861852417	0.0666258099304991
2000-12-20	00:00:00	-3.36323332540512	2.69676450870514	984.379890322502	4.86054164306643	29.0823175574225	97.6477210040283	0.112809958090157
2000-12-21	00:00:00	-4.2719829391861	3.13697784276962	969.79307490625	5.83875418457033	29.588933420375	98.2164019195557	0.0790833397229088
2000-12-22	00:00:00	-3.85566753070831	-2.3717533080864	966.4430251625	4.76852644042971	14.0571821143068	96.4659721063232	0.106022520395208
2000-12-23	00:00:00	-2.86238578104019	-0.0247673841190369	984.43276175	-2.92437181884764	2.79935348794469	93.5407176019287	0.0749253176579786
2000-12-24	00:00:00	-4.09778311225891	1.16047075839043	988.54548881875	-5.33919029296873	3.07392812183965	95.2822183618164	0.0555025211985849
2000-12-25	00:00:00	-3.37119631833844	-2.1900416746521	988.06688663125	-8.79984117187499	1.08652680806792	91.7059236865234	0.0530113245568186
2000-12-26	00:00:00	-1.94861666150093	-4.43277498754501	987.465706425	-10.6313029541016	0	88.7549510394287	0.0411316085735335
2000-12-27	00:00:00	-0.463054297499658	-1.63363378739357	992.374924824693	-12.4371696191406	0	81.4564134582519	0.0300015905437713
2000-12-28	00:00:00	0.842590185160638	1.75469299399041	995.68101873125	-8.79984117187499	1.27086612085704	77.5251613708546	0.0529944145312962
2000-12-29	00:00:00	-1.94714745397568	4.99899347755432	990.84528115	4.6047908787153	21.9354313148819	97.6422912545313	0.104483411625033
2000-12-30	00:00:00	-3.36287306370857	2.69676450870514	978.7113504	5.64544255371096	29.3065577087849	98.4244142965261	0.0807234622944714
2000-12-31	00:00:00	-3.42049570379257	2.02525976833278	972.99203148125	5.67843239257815	19.3168069809191	98.6595713922119	0.0712212480232291
2001-01-01	00:00:00	0.288699183736742	3.13697784276962	976.54633165	5.4030823124746	1.55828446398536	97.8387701856167	0.0819165990918674
2001-01-02	00:00:00	-0.792056288971903	3.86745717758178	984.723768063252	5.64544255371096	3.04550274758041	96.3321453778076	0.0747876055029638
2001-01-03	00:00:00	-2.8684921074301	3.04358873971939	989.16647338125	4.78422507398501	1.4317872287943	97.6292625	0.0872627590427875
2001-01-04	00:00:00	-3.42049570379257	-0.0537324685573605	993.9142955125	1.69753824951174	1.74854307735216	95.7384343353272	0.0811138769357943
2001-01-05	00:00:00	-2.29972436380386	-1.84749368584633	995.7003208625	1.29233235351564	2.72941791355185	95.6415337133789	0.0684777523406375
2001-01-06	00:00:00	-2.5417789701271	-2.56862729843139	995.68101873125	0.574074094238303	4.14749366335384	90.7077256978248	0.0684777523406375
2001-01-07	00:00:00	-2.29377363772451	-2.5702472575116	995.68101873125	-2.77414021484373	1.15961637290974	92.0086730609131	0.0711344655181631
2001-01-08	00:00:00	-2.86238578104019	-2.7467751200676	996.40182155625	-3.51117763183592	1.5556151503568	86.2367902294922	0.0615970792626709
2001-01-09	00:00:00	-2.86238578104019	-4.43277498754501	1005.54404994375	-5.53621430944043	1.1202098441349	86.0304083746338	0.0577953268621785
2001-01-10	00:00:00	-0.95101677799225	-4.43277498754501	1006.586022575	-7.96079660400389	0	84.2846391696368	0.0538130450069126
2001-01-11	00:00:00	0.118545825130705	-5.53542591082964	996.40182155625	-5.54442112304686	0	92.0086730609131	0.0634740217527009
2001-01-12	00:00:00	0.746395620782374	-1.24837447824478	991.3143442375	-5.54697761474608	1.56357002726611	92.4319417388916	0.0603146096992482
2001-01-13	00:00:00	-0.826460464944834	-4.02079830638885	988.6425635875	-5.95703828369139	1.14503939863584	81.6707718914795	0.0678441721977885
2001-01-14	00:00:00	-2.29395789938926	-4.02079830638885	987.89659489375	-7.98846019713406	0	81.4438817040677	0.0529944145312962
2001-01-15	00:00:00	-1.94861666150093	-2.7467751200676	991.3143442375	-12.4371696191406	0	86.2367902294922	0.0300015905437713
2001-01-16	00:00:00	-2.90117184373855	1.82484401211738	991.57183494375	-7.43330916015624	14.0571821143068	86.2367902294922	0.0538130450069126
2001-01-17	00:00:00	-3.3965981209498	3.27305431532018	988.54548881875	3.89343930908205	23.9248162721917	97.1379714654541	0.176795547567739
2001-01-18	00:00:00	0.0545942006641613	4.91900511637415	984.8221444	6.4367053051758	23.0960112440363	98.5644252018902	0.10330367656276
2001-01-19	00:00:00	0.840973647232054	3.86745717758178	984.43276175	5.61054029296877	0	97.2353706689453	0.154580572374507
2001-01-20	00:00:00	0.589505960068696	4.29614318471908	984.68067315	5.09753688476565	6.81461245243511	96.0477676019287	0.13445280570208
2001-01-21	00:00:00	-1.43420744709015	1.61913252429962	972.99203148125	4.76852644042971	26.4719718210027	97.1651093856156	0.122079127262955
2001-01-22	00:00:00	1.44520120378494	-3.72445390419006	985.436791	1.4858005786133	0	78.3270961981201	0.145866982698944
2001-01-23	00:00:00	0.759002047462466	-1.84749368584633	1005.47321466875	-3.46398304427672	0	92.4975634167481	0.104483411625033
2001-01-24	00:00:00	-2.49016440383911	1.38374100107669	1018.5926300625	-4.93521853271483	0.914837859352981	91.7059236865234	0.0775707630594781
2001-01-25	00:00:00	-0.921717656407354	3.39578639863967	1018.71751438125	0.464585810546896	1.33863023116108	95.9151499084473	0.131774310148618
2001-01-26	00:00:00	0.31864878422022	1.82484401211738	1018.09691379375	-2.90143552490232	0	93.8743166943359	0.122171303625304
2001-01-27	00:00:00	-0.734976287012096	-1.10697148099071	1018.0018157375	-5.54442112304686	0	91.7059236865234	0.0830763616909999
2001-01-28	00:00:00	-2.21442456921577	1.12487422522068	1018.71751438125	-4.02270354736326	0	88.8433017785645	0.0908743864135736
2001-01-29	00:00:00	-2.21442456921577	2.90375074113846	1018.5926300625	-1.5018702416992	1.64820680744998	95.4916000109863	0.131061754759046
2001-01-30	00:00:00	-3.36323332540512	2.02635867733002	1014.63897533125	-0.927205556640603	1.68776106021971	96.196208145752	0.127931858810187
2001-01-31	00:00:00	-2.77335211942673	1.61913252429962	997.7062225125	-1.5018702416992	10.7978785728123	95.9151499084473	0.13445280570208
